0 574
0 1434
0 643
0 22
0 1244
0 482
0 433
0 641
0 366
0 84
0 154
0 322
0 54
0 663
0 640
1 640
1 28
1 445
1 543
1 563
1 17
1 430
1 23
1 546
1 54
1 98
1 143
1 153
1 154
1 158
1 203
1 247
1 649
1 179
1 494
1 322
1 331
1 171
1 663
1 362
1 388
1 390
1 755
1 237
1 476
1 482
1 668
1 560
1 562
1 565
1 571
1 753
1 622
1 641
1 643
1 686
1 51
4 719
4 513
4 1436
5 736
7 386
7 39
7 563
7 263
7 240
7 392
7 54
7 179
7 277
7 566
7 603
7 511
7 571
7 573
7 590
7 595
7 753
7 633
7 266
8 640
8 54
8 209
8 154
8 144
8 740
8 995
8 755
9 476
9 154
9 574
9 643
9 534
9 755
9 640
9 686
9 54
9 471
9 1062
9 71
9 460
9 300
10 1054
11 563
11 95
11 154
12 71
12 98
12 439
12 322
12 143
12 149
12 154
12 296
12 179
12 54
12 479
12 728
12 565
12 641
12 640
13 453
13 569
13 54
13 817
13 98
13 117
13 143
13 149
13 1336
13 154
13 649
13 179
13 322
13 1050
13 118
13 1085
13 346
13 404
13 479
13 492
13 491
13 728
13 884
13 931
13 562
13 576
13 1324
13 633
13 675
13 641
13 640
13 534
13 643
13 311
13 1151
13 1460
13 725
13 71
13 300
13 755
13 546
13 153
13 296
13 186
13 459
13 494
13 386
13 393
13 433
13 440
13 188
13 668
13 590
13 1316
13 1436
13 482
13 1477
13 1478
13 1178
13 686
13 1040
13 797
14 154
14 54
14 560
14 26
14 153
14 232
14 608
14 247
14 494
14 639
14 161
14 28
14 546
14 39
14 263
14 84
14 114
14 117
14 129
14 209
14 649
14 258
14 322
14 663
14 350
14 735
14 388
14 390
14 440
14 281
14 448
14 479
14 188
14 491
14 728
14 513
14 590
14 753
14 622
14 640
14 641
14 686
14 698
14 155
14 71
14 64
14 313
14 480
14 563
14 1020
14 543
14 180
14 702
15 569
15 30
15 546
15 117
15 728
15 179
15 467
15 492
15 201
15 562
15 578
15 373
15 633
15 534
15 643
15 71
15 300
15 755
15 1359
15 1178
15 1244
15 1050
15 668
15 740
15 565
16 740
17 322
17 54
17 22
17 154
17 640
17 725
17 1230
17 523
17 663
17 404
17 179
17 108
17 143
17 560
17 571
17 563
17 98
17 217
17 494
17 603
17 573
17 578
17 622
17 641
17 155
17 702
17 728
17 71
18 744
18 978
18 143
19 54
19 563
19 153
19 154
19 179
19 322
19 692
19 590
19 640
19 663
19 676
19 88
19 1208
20 1178
20 573
20 608
20 1244
20 1152
20 113
20 190
20 322
20 300
20 154
20 54
20 560
20 467
20 143
20 640
20 492
20 209
20 676
20 534
20 728
20 296
20 118
20 201
20 482
20 569
20 28
20 416
20 1088
20 685
20 674
20 724
20 641
20 186
20 217
20 188
20 1050
20 1190
21 523
21 797
21 573
21 386
21 962
21 1436
21 23
21 296
21 322
21 755
21 405
21 433
21 482
21 188
21 499
21 614
21 641
21 725
21 492
22 23
22 797
22 54
22 101
22 106
22 153
22 154
22 169
22 179
22 494
22 390
22 401
22 433
22 562
22 569
22 574
22 608
22 609
22 622
22 640
22 641
22 534
22 643
22 740
22 736
22 1379
22 26
22 989
22 676
23 797
23 54
23 101
23 106
23 153
23 154
23 169
23 494
23 390
23 401
23 433
23 562
23 569
23 609
23 622
23 640
23 641
23 534
23 643
23 740
23 88
23 962
23 797
23 54
23 101
23 106
23 153
23 154
23 169
23 494
23 390
23 401
23 433
23 562
23 569
23 609
23 622
23 640
23 641
23 534
23 643
23 740
23 88
23 962
25 154
26 247
26 584
26 153
26 753
26 154
26 77
26 54
26 143
26 640
26 322
26 169
26 1478
26 622
27 452
27 433
27 113
27 340
27 451
27 154
27 640
27 1269
27 740
27 209
28 167
28 309
28 408
28 219
28 603
28 543
28 588
28 161
28 643
28 201
28 649
28 143
28 370
28 166
28 661
28 431
28 608
28 350
28 641
28 247
28 590
28 534
28 267
28 30
28 54
28 154
28 686
28 640
28 492
28 449
28 711
28 179
28 698
28 692
28 386
28 44
28 322
28 725
30 1250
30 149
30 98
30 373
30 491
30 573
30 648
30 507
30 725
30 201
30 676
30 861
30 797
30 641
30 188
30 492
30 540
30 34
30 296
30 404
30 440
30 154
30 459
30 346
30 348
30 460
30 393
30 755
30 728
30 534
30 562
30 1062
30 935
30 972
30 1462
30 96
31 1436
31 543
31 563
31 154
31 1111
32 1069
33 1027
33 158
33 552
34 441
34 728
34 640
34 296
34 153
34 54
35 54
35 154
35 686
35 640
35 482
35 188
35 296
35 728
35 978
37 376
39 154
39 223
39 546
39 416
39 559
39 725
39 386
39 523
39 226
39 188
39 228
39 74
39 171
39 608
39 649
39 590
39 98
39 576
39 54
39 641
39 711
39 247
39 491
39 633
39 460
39 459
39 565
39 640
39 534
39 643
39 143
39 663
39 179
39 488
39 287
39 201
39 686
39 728
39 753
39 494
39 692
39 393
39 362
39 388
39 614
39 373
39 277
39 464
39 71
39 516
39 101
39 755
39 569
39 687
39 263
39 611
39 209
39 296
39 573
39 88
39 398
39 518
39 433
39 636
39 513
39 123
39 507
39 648
39 448
39 674
39 401
39 190
39 571
39 404
39 482
39 622
39 1436
39 453
39 75
39 717
39 77
39 84
39 1269
40 430
40 686
40 624
40 668
40 453
40 511
41 84
41 1316
41 322
41 154
41 149
41 54
41 362
41 590
41 640
41 71
42 169
42 154
42 470
42 1436
44 563
44 543
44 716
45 322
45 755
45 54
45 296
45 518
45 171
45 74
45 228
45 139
45 84
45 208
45 442
45 452
45 82
45 513
45 534
45 158
45 640
45 686
45 728
45 300
45 154
45 433
45 569
45 98
45 584
45 935
45 217
45 401
45 179
45 494
45 346
45 362
45 404
45 492
45 562
45 641
45 740
45 546
45 143
45 149
45 663
45 471
45 488
45 491
45 590
45 1462
45 725
45 1477
45 114
45 479
45 614
46 728
52 54
52 445
54 153
54 608
54 562
54 492
54 154
54 643
54 143
54 641
54 649
54 755
54 569
54 578
54 534
54 404
54 640
54 179
54 188
54 171
54 296
54 300
54 433
54 158
54 622
54 576
54 228
54 370
54 663
54 686
54 725
54 453
54 560
54 565
54 74
54 155
54 726
54 482
54 466
54 674
54 201
54 639
54 459
54 460
54 633
54 362
54 416
54 186
54 166
54 390
54 287
54 675
54 494
54 190
54 445
54 471
54 149
54 84
54 546
54 88
54 217
54 117
54 614
54 491
54 386
54 479
54 711
54 440
54 398
54 668
54 267
54 590
54 373
54 346
54 753
54 98
54 584
54 322
55 153
55 608
55 562
55 492
55 154
55 643
55 143
55 641
55 649
55 755
55 569
55 578
55 534
55 404
55 640
55 179
55 188
55 171
55 296
55 300
55 433
55 158
55 622
55 576
55 228
55 370
55 663
55 686
55 725
55 453
55 560
55 565
55 74
55 155
55 726
55 482
55 466
55 674
55 201
55 639
55 459
55 460
55 633
55 362
55 416
55 186
55 166
55 390
55 287
55 675
55 494
55 190
55 445
55 471
55 149
55 84
55 546
55 88
55 217
55 117
55 614
55 491
55 386
55 479
55 711
55 440
55 398
55 668
55 267
55 590
55 373
55 346
55 753
55 98
55 584
55 322
57 1436
57 219
57 586
57 1134
63 740
63 978
63 169
65 357
65 247
67 154
67 686
67 962
67 640
67 153
67 296
67 322
67 171
67 578
67 404
67 479
67 620
67 274
67 204
67 555
67 114
67 494
67 155
67 563
67 989
67 1050
68 563
68 640
69 81
69 546
69 84
69 139
69 154
69 186
69 228
69 77
69 171
69 433
69 488
69 518
69 513
69 74
69 640
69 686
69 711
69 740
71 640
71 482
71 154
71 190
71 322
71 546
71 563
71 555
71 416
71 98
71 113
71 117
71 149
71 153
71 395
71 296
71 166
71 186
71 209
71 459
71 217
71 622
71 144
71 179
71 248
71 287
71 494
71 464
71 603
71 346
71 350
71 362
71 755
71 404
71 433
71 445
71 466
71 467
71 488
71 692
71 188
71 491
71 492
71 201
71 728
71 518
71 543
71 89
71 562
71 565
71 578
71 584
71 590
71 753
71 663
71 636
71 641
71 534
71 643
71 675
71 646
71 686
71 711
71 713
71 725
71 726
71 88
71 742
72 728
72 755
72 99
72 543
72 640
72 535
72 188
72 740
72 466
72 641
74 546
74 483
74 263
74 84
74 98
74 101
74 106
74 296
74 171
74 114
74 659
74 144
74 149
74 154
74 158
74 166
74 184
74 209
74 190
74 228
74 459
74 217
74 179
74 77
74 325
74 464
74 346
74 431
74 362
74 386
74 460
74 393
74 755
74 404
74 440
74 281
74 466
74 471
74 474
74 479
74 482
74 488
74 188
74 492
74 728
74 518
74 513
74 537
74 562
74 576
74 584
74 590
74 267
74 373
74 608
74 614
74 622
74 633
74 640
74 641
74 643
74 649
74 663
74 675
74 686
74 1436
74 711
74 713
74 740
75 978
75 681
76 154
76 433
78 647
78 154
78 190
78 223
78 277
78 603
78 571
78 753
79 1208
79 608
79 854
79 641
79 940
80 1477
80 641
80 675
80 132
81 114
81 362
81 492
81 228
81 171
81 139
81 546
81 587
81 400
81 154
81 203
81 244
81 433
81 513
81 641
81 640
81 489
81 471
81 84
81 1098
81 692
81 409
81 590
81 118
81 188
81 98
81 101
81 460
81 404
81 578
81 583
83 640
83 797
83 534
83 416
83 740
83 962
84 85
84 461
84 546
84 322
84 139
84 154
84 228
84 171
84 296
84 471
84 513
84 640
84 534
86 228
86 1436
86 263
86 114
86 154
86 180
86 392
86 223
86 277
86 636
88 643
88 578
88 546
88 494
88 569
88 467
88 263
88 668
88 692
88 188
88 633
88 466
88 492
88 562
88 373
88 117
88 587
88 1178
88 989
88 1244
88 1152
88 1040
88 1050
89 633
89 640
89 404
89 179
89 154
89 546
89 153
89 184
89 244
89 430
89 416
89 101
89 98
89 296
89 143
89 149
89 395
89 232
89 622
89 445
89 188
89 492
89 728
89 668
89 641
89 686
89 117
89 217
89 494
89 467
89 692
89 569
89 578
89 643
89 300
89 740
91 639
91 1436
91 494
92 728
92 513
92 978
92 492
94 370
94 232
94 753
94 725
94 340
96 433
97 728
97 154
97 113
97 452
98 267
98 161
98 546
98 563
98 113
98 117
98 143
98 144
98 149
98 154
98 166
98 186
98 190
98 209
98 459
98 217
98 649
98 179
98 300
98 494
98 322
98 464
98 171
98 431
98 453
98 346
98 663
98 350
98 362
98 370
98 386
98 460
98 393
98 755
98 404
98 416
98 433
98 440
98 445
98 466
98 467
98 471
98 476
98 479
98 482
98 488
98 692
98 188
98 491
98 492
98 201
98 507
98 728
98 518
98 516
98 535
98 543
98 550
98 562
98 565
98 569
98 573
98 576
98 578
98 590
98 296
98 373
98 753
98 614
98 622
98 633
98 534
98 513
98 641
98 640
98 643
98 388
98 668
98 574
98 674
98 648
98 686
98 702
98 711
98 713
98 725
98 726
98 620
99 479
99 535
99 641
99 619
99 154
99 433
99 728
99 296
99 640
99 149
99 113
99 217
99 322
99 362
99 386
99 404
99 416
99 437
99 491
99 209
99 753
99 153
99 395
99 1462
99 686
99 725
100 608
100 494
100 153
100 574
100 640
100 546
100 101
100 154
100 169
100 433
100 563
100 296
100 108
100 114
100 117
100 143
100 144
100 149
100 204
100 459
100 1050
100 287
100 325
100 171
100 362
100 460
100 393
100 755
100 440
100 466
100 410
100 488
100 188
100 492
100 728
100 513
100 552
100 569
100 571
100 584
100 1336
100 753
100 641
100 534
100 643
100 136
100 649
100 663
100 388
100 674
100 678
100 686
100 711
100 740
100 322
100 778
100 390
101 154
101 513
101 395
101 348
102 491
102 244
102 474
102 587
108 154
108 143
108 179
108 643
108 188
108 584
108 640
108 362
108 482
108 674
108 730
108 560
108 668
108 433
108 1228
108 445
108 416
108 595
108 523
108 755
108 573
108 322
108 725
108 388
108 622
108 728
108 663
108 817
108 534
108 430
109 322
109 500
112 995
112 1178
112 362
112 430
112 640
112 143
112 643
112 179
112 154
112 686
112 300
112 322
112 513
112 676
112 169
112 728
113 452
113 640
113 797
113 209
114 154
114 479
114 534
114 433
114 171
114 228
114 139
114 518
114 555
114 204
114 558
114 620
114 823
114 855
114 1416
114 185
114 962
114 401
114 640
114 442
114 513
114 797
114 208
114 1178
114 728
114 755
115 247
116 962
116 668
116 169
116 470
116 154
116 640
116 322
116 740
116 203
116 247
116 430
116 560
116 236
116 153
116 608
116 437
116 797
116 514
116 989
116 1050
116 1062
116 209
117 296
117 728
117 144
117 154
117 179
117 459
117 346
117 362
117 386
117 404
117 440
117 492
117 562
117 565
117 569
117 576
117 584
117 373
117 753
117 641
117 675
117 643
117 686
117 711
117 546
117 652
117 563
117 143
117 149
117 166
117 186
117 201
117 217
117 649
117 287
117 300
117 322
117 325
117 663
117 350
117 370
117 460
117 393
117 755
117 445
117 467
117 482
117 188
117 488
117 491
117 516
117 668
117 560
117 578
117 590
117 602
117 614
117 630
117 633
117 702
117 713
117 725
117 726
117 740
117 534
117 640
117 494
117 453
118 1040
118 1478
118 1050
118 809
118 640
118 587
118 1020
118 1249
118 935
118 1477
118 1222
118 154
118 940
118 1151
118 960
118 1208
118 995
118 171
118 1147
118 563
118 1085
118 755
118 1111
118 482
118 1436
118 1462
118 1324
118 1336
118 1062
118 686
118 1460
118 311
118 489
118 966
120 482
120 154
120 203
120 171
120 474
120 513
120 640
120 396
120 740
122 154
122 636
122 433
122 322
122 797
123 448
123 179
123 663
123 560
123 559
123 620
123 668
123 310
123 674
123 728
123 494
123 325
123 248
123 492
123 464
123 734
123 518
123 291
123 725
123 154
123 388
123 692
123 640
123 294
123 647
124 492
124 144
124 663
124 154
124 728
127 978
129 574
129 797
129 1152
131 1269
131 1436
131 322
131 1477
131 648
131 448
131 550
131 232
131 300
131 640
131 154
131 1000
131 149
131 740
131 1050
131 797
131 726
131 1329
135 802
135 772
135 1121
135 972
135 1294
135 1436
136 640
136 546
136 143
136 154
136 179
136 649
136 287
136 494
136 322
136 362
136 388
136 755
136 440
136 569
136 574
136 576
136 584
136 753
136 622
136 608
136 643
136 641
136 686
136 711
136 740
137 640
137 154
137 728
137 688
137 433
137 663
137 534
137 209
137 755
137 228
137 171
137 139
139 712
139 171
139 228
139 569
139 430
139 144
139 149
139 154
139 296
139 232
139 649
139 479
139 362
139 640
139 188
139 440
139 471
139 488
139 492
139 728
139 513
139 576
139 633
139 641
139 534
139 643
139 686
139 711
139 482
139 725
140 247
141 362
141 453
141 940
141 376
141 971
141 663
142 640
142 154
142 416
143 640
143 154
143 166
143 188
143 179
143 668
143 797
143 217
143 416
143 153
143 232
143 546
143 483
143 563
143 296
143 464
143 659
143 226
143 149
143 144
143 190
143 209
143 728
143 459
143 661
143 622
143 649
143 258
143 277
143 280
143 287
143 494
143 334
143 603
143 393
143 663
143 350
143 431
143 362
143 370
143 376
143 386
143 281
143 440
143 466
143 467
143 471
143 701
143 488
143 491
143 247
143 492
143 201
143 560
143 562
143 565
143 569
143 571
143 574
143 576
143 578
143 584
143 588
143 590
143 753
143 608
143 633
143 675
143 641
143 534
143 643
143 644
143 686
143 702
143 711
143 725
143 300
143 740
143 742
143 398
143 482
143 620
143 755
146 154
146 322
146 169
146 247
146 729
148 185
148 797
148 154
148 640
148 488
149 573
149 728
149 395
149 755
149 393
149 1062
149 1050
149 217
149 1244
149 1462
149 618
149 569
149 676
149 322
149 154
149 296
149 935
149 459
149 348
149 1324
149 460
149 640
149 404
149 440
149 489
149 492
149 668
149 565
149 675
149 534
149 476
149 1208
149 1230
149 232
149 781
149 1249
149 186
149 1412
149 1000
149 416
149 526
150 587
150 1178
150 322
150 179
150 726
150 640
150 190
150 578
150 467
150 482
150 513
150 728
150 300
150 560
150 154
150 1066
150 641
150 188
150 1152
151 460
151 236
154 640
154 158
154 322
154 433
154 622
154 663
154 296
154 179
154 209
154 232
154 649
154 346
154 362
154 390
154 404
154 440
154 188
154 479
154 491
154 492
154 518
154 513
154 562
154 753
154 636
154 641
154 534
154 643
154 686
154 300
154 228
154 171
154 442
154 169
154 608
155 563
155 322
155 543
155 640
155 296
155 445
155 614
155 179
155 639
155 464
155 574
155 186
155 755
155 643
155 466
155 188
155 989
155 1050
156 640
156 433
156 728
157 417
158 728
159 644
159 171
159 658
159 494
159 1020
159 366
159 332
159 563
159 169
159 322
159 275
159 877
161 166
161 362
161 188
161 480
161 491
161 576
161 753
161 641
161 978
161 649
162 169
162 247
164 247
164 390
164 648
164 497
164 546
164 492
164 1436
164 507
164 659
164 416
164 668
164 312
164 255
164 674
165 640
166 728
166 322
166 659
166 640
166 989
166 492
166 1178
166 370
166 686
166 534
166 755
166 300
166 416
166 404
166 643
166 641
166 562
166 1359
166 440
166 668
166 740
166 467
166 711
166 511
166 386
166 559
166 184
166 252
166 468
166 453
166 315
166 584
166 661
166 388
166 478
167 735
167 640
167 563
167 660
167 255
167 258
167 282
167 322
167 663
167 350
167 431
167 362
167 450
167 507
167 550
167 633
167 641
167 698
167 453
169 639
169 640
171 569
171 430
171 322
171 296
171 232
171 228
171 649
171 479
171 362
171 370
171 640
171 404
171 188
171 440
171 471
171 488
171 492
171 728
171 513
171 576
171 633
171 674
171 641
171 534
171 643
171 686
171 711
171 482
171 725
172 212
174 513
174 640
176 362
176 492
176 228
176 546
176 587
176 400
176 203
176 244
176 433
176 513
176 641
176 640
176 489
176 471
176 1098
176 692
176 409
176 590
176 188
176 460
176 404
176 578
176 583
177 797
177 179
177 300
177 500
177 622
178 743
178 728
178 663
178 574
178 232
178 726
178 978
178 433
179 608
179 584
179 453
179 639
179 546
179 755
179 728
179 373
179 641
179 209
179 633
179 702
179 491
179 649
179 640
179 492
179 643
179 622
179 663
179 668
179 686
179 590
179 296
179 562
179 362
179 386
179 393
179 440
179 433
179 459
179 569
179 346
179 482
179 576
179 753
179 565
179 711
179 488
179 435
179 370
179 471
179 287
179 675
179 188
179 204
179 614
179 511
179 186
179 201
179 1050
179 404
179 825
179 430
179 1244
179 560
179 725
179 797
180 728
180 232
180 494
180 362
180 433
180 476
180 188
180 489
180 492
180 513
180 534
180 574
180 753
180 711
180 740
180 263
180 392
180 223
180 277
180 464
180 478
180 571
180 636
180 674
180 647
180 713
180 590
181 665
183 978
184 1244
184 1084
184 649
186 322
186 676
186 296
186 188
186 1462
186 404
186 1249
186 459
186 640
186 393
186 445
186 728
186 641
186 755
186 546
186 492
186 740
186 935
186 416
186 217
186 395
186 659
186 602
187 648
187 247
187 640
187 639
188 725
188 546
188 640
188 641
188 401
188 482
188 492
188 459
188 322
188 643
188 686
188 728
188 755
188 393
188 362
188 404
188 534
188 562
188 226
188 668
188 560
188 576
188 440
188 753
188 494
188 702
188 325
188 590
188 488
188 416
188 555
188 735
188 296
188 460
188 663
188 479
188 287
188 649
188 409
188 569
188 584
188 817
188 989
188 232
188 491
188 1152
189 640
189 518
189 393
189 228
189 971
189 740
189 398
190 483
190 467
190 277
190 334
190 201
190 571
190 588
190 622
190 661
190 620
190 500
190 263
190 275
190 322
190 692
190 573
190 577
190 728
190 753
190 699
190 640
190 488
190 633
190 416
190 725
190 546
190 223
190 491
190 388
190 563
190 296
190 392
190 217
190 282
190 393
190 401
190 433
190 448
190 440
190 482
190 511
190 513
190 572
190 578
190 643
190 641
190 647
190 763
190 562
190 574
190 1436
190 679
190 686
190 711
190 1476
191 663
191 978
192 533
193 640
193 534
197 322
201 661
201 725
201 686
201 483
201 571
201 277
201 398
201 431
201 467
201 334
201 588
201 620
201 622
201 740
201 388
201 373
201 726
201 576
201 386
201 390
201 464
201 648
201 563
201 573
201 633
201 460
201 668
201 698
201 350
201 649
201 247
201 492
201 494
201 562
201 640
201 728
201 393
201 404
201 482
201 459
201 543
201 569
201 584
201 675
201 603
201 753
201 614
201 565
201 692
201 643
201 546
201 217
201 346
201 663
201 476
201 488
201 491
201 511
201 523
201 590
201 232
201 362
201 608
201 1329
201 453
201 639
201 687
201 755
201 322
202 999
202 1436
203 1040
203 728
203 433
203 513
203 797
203 640
203 401
203 740
203 534
203 244
203 692
203 489
203 491
203 492
203 641
203 546
203 1120
204 686
204 479
204 633
204 640
204 649
204 491
204 590
204 562
204 546
204 433
204 453
204 362
204 514
204 755
204 492
204 322
204 513
206 322
206 740
206 546
206 232
206 209
206 513
208 209
208 433
208 232
208 728
208 322
208 395
208 663
208 362
208 452
208 442
208 518
208 511
208 513
208 636
208 640
208 534
208 726
208 676
208 755
208 1269
209 433
209 437
209 728
209 232
209 322
209 395
209 663
209 362
209 452
209 442
209 518
209 511
209 513
209 636
209 640
209 534
209 726
209 676
209 755
209 1269
210 287
210 328
210 388
210 393
210 755
210 639
210 641
210 797
210 995
210 1208
210 943
210 1478
215 962
216 430
216 497
216 1020
216 599
216 670
216 648
216 423
216 247
216 300
216 362
216 390
216 404
216 641
216 640
216 232
216 1477
216 221
216 563
217 546
217 1244
217 728
217 534
217 476
217 395
217 296
217 935
217 513
217 640
217 1462
217 755
217 322
217 726
217 630
217 459
217 460
217 492
217 602
217 797
217 641
217 416
217 494
217 467
217 692
217 668
217 300
218 659
218 661
218 622
218 663
218 574
218 668
218 494
218 578
218 643
218 590
218 641
218 433
218 442
218 492
218 676
218 296
218 404
218 300
218 534
218 640
218 322
218 393
218 395
218 416
218 603
218 569
218 315
218 476
218 560
218 633
218 1379
218 602
218 728
218 755
218 725
218 1436
219 729
219 584
219 433
219 668
219 482
221 286
222 322
222 543
222 563
222 404
222 440
222 247
222 416
222 725
222 296
222 728
222 602
222 491
222 590
222 562
222 576
222 453
222 692
222 935
222 1208
222 513
222 1436
222 686
222 1305
222 1178
222 1050
222 641
222 574
222 1478
222 797
222 603
222 518
223 725
223 488
223 728
223 641
223 513
223 546
223 640
223 571
223 518
223 569
223 228
223 1000
223 287
223 494
223 393
223 492
223 573
223 578
223 590
223 633
223 674
223 711
223 390
223 1255
223 263
223 392
223 277
223 291
223 464
223 603
223 359
223 388
223 440
223 478
223 753
223 636
223 713
223 734
224 978
226 272
226 978
228 395
228 622
228 306
228 340
228 479
228 346
228 663
228 640
228 401
228 464
228 433
228 440
228 471
228 488
228 482
228 491
228 492
228 728
228 518
228 513
228 590
228 636
228 686
229 962
234 563
237 640
237 322
237 622
237 641
237 300
237 388
237 404
237 753
237 633
237 534
237 430
237 546
237 649
237 271
237 277
237 728
237 603
237 663
237 320
237 433
237 445
237 482
237 489
237 571
237 573
237 608
237 513
237 643
237 686
237 725
237 740
237 680
237 1436
237 386
237 390
237 421
237 836
238 534
238 322
240 248
240 322
240 404
240 482
240 247
240 639
240 608
240 430
240 940
240 275
240 494
240 310
240 325
240 362
240 755
240 414
240 728
240 511
240 571
240 584
240 513
240 640
240 641
240 663
240 673
240 676
240 725
240 797
240 763
240 1478
242 433
242 622
242 640
242 316
243 640
243 362
244 487
248 728
248 507
248 1478
248 1327
248 802
248 482
248 1047
248 736
248 1244
248 1216
248 1046
248 670
248 763
248 949
248 448
248 573
249 1020
249 543
249 726
249 563
252 296
252 728
252 962
252 513
252 797
252 640
252 740
252 430
252 1462
252 492
252 755
252 1050
252 1269
252 546
254 588
255 728
255 574
255 668
255 663
255 395
255 640
255 641
255 643
255 614
255 578
255 569
255 492
255 692
255 466
255 452
255 404
255 431
255 464
255 322
255 430
255 453
256 728
256 574
256 668
256 663
256 395
256 640
256 641
256 643
256 614
256 578
256 569
256 492
256 692
256 466
256 452
256 404
256 431
256 464
256 322
256 430
256 453
258 650
258 282
258 299
258 386
258 497
258 549
258 590
258 753
258 586
258 736
258 322
258 296
258 649
258 275
258 346
258 362
258 390
258 404
258 440
258 479
258 491
258 492
258 728
258 518
258 513
258 636
258 641
258 640
258 534
258 643
258 686
258 482
258 300
261 388
261 466
261 659
261 676
263 392
263 277
263 291
263 464
263 603
263 359
263 388
263 440
263 478
263 571
263 753
263 636
263 674
263 641
263 647
263 713
263 734
263 574
263 728
263 492
263 640
263 725
263 322
263 467
266 1393
266 482
266 1050
267 686
267 562
267 386
267 569
267 611
267 440
267 448
267 644
268 582
272 728
272 362
272 686
272 717
272 740
273 362
273 608
274 362
274 649
276 563
276 430
277 546
277 588
277 300
277 464
277 322
277 736
277 401
277 1066
277 652
277 388
277 398
277 386
277 431
277 1436
277 571
277 753
277 636
277 674
277 713
277 587
277 597
277 513
277 1152
277 573
277 836
277 1245
277 1178
277 1244
277 1054
277 1111
279 614
279 502
280 640
280 482
280 322
280 633
280 608
280 562
281 433
281 640
281 574
281 362
281 482
281 668
281 608
282 362
282 370
282 547
282 654
282 978
283 978
286 573
287 663
287 640
287 755
287 482
287 728
287 1178
287 546
287 296
287 395
287 322
287 300
287 494
287 346
287 362
287 376
287 393
287 404
287 433
287 440
287 442
287 445
287 452
287 471
287 492
287 513
287 668
287 574
287 602
287 590
287 753
287 622
287 633
287 636
287 643
287 711
287 725
287 740
288 322
288 300
288 362
288 430
288 755
288 433
288 442
288 452
288 531
288 513
288 640
288 728
288 408
289 640
289 728
289 546
289 395
292 640
292 356
292 482
292 728
292 492
292 534
294 322
294 726
294 416
294 435
294 513
294 640
295 322
295 781
295 1190
295 1062
295 817
295 829
295 1178
295 931
295 940
295 962
295 834
295 1040
295 1050
295 1085
295 404
295 1151
295 479
295 1208
295 489
295 1221
295 728
295 518
295 1244
295 1265
295 562
295 1324
295 1329
295 587
295 296
295 1417
295 640
295 534
295 1429
295 686
295 1436
295 740
296 460
296 404
296 395
296 728
296 640
296 755
297 298
297 660
297 513
297 663
297 641
297 546
297 534
298 660
298 513
298 663
298 641
298 546
298 534
299 430
299 686
299 728
299 433
299 641
300 622
302 430
302 513
302 740
302 640
302 797
302 417
304 640
304 452
304 534
306 513
306 433
306 641
306 728
306 740
306 640
306 978
307 740
308 640
308 728
309 563
310 640
310 433
310 513
311 546
311 809
311 781
312 362
312 640
312 639
314 971
314 362
314 608
314 322
314 1020
314 543
314 1085
314 640
314 797
315 573
315 535
315 494
315 640
315 686
315 370
315 466
315 488
315 663
315 726
316 430
316 546
316 649
316 322
316 728
316 726
316 388
316 393
316 401
316 755
316 404
316 433
316 440
316 482
316 492
316 518
316 513
316 565
316 573
316 676
316 633
316 641
316 640
316 534
316 643
316 648
320 621
320 398
322 1178
322 467
322 1066
322 1305
322 725
324 1158
325 574
325 725
325 482
325 494
325 362
325 404
325 416
325 433
325 466
325 492
325 569
325 578
325 584
325 608
325 643
325 639
325 640
325 686
325 711
325 724
325 755
326 797
327 563
327 649
327 370
327 753
330 641
331 426
331 992
331 755
331 433
331 362
331 489
331 728
331 640
331 538
331 1122
331 1100
331 772
331 955
331 940
331 1051
331 1091
332 366
332 658
334 962
334 430
334 569
334 640
334 534
336 453
336 595
336 563
337 639
340 513
340 433
340 640
343 686
343 640
343 755
343 728
343 740
344 1103
344 740
344 728
344 1462
344 877
344 961
344 992
346 728
346 563
346 797
346 725
346 675
346 430
346 546
346 518
346 534
346 362
346 393
346 755
346 404
346 433
346 440
346 467
346 479
346 492
346 516
346 562
346 565
346 576
346 590
346 753
346 614
346 641
346 640
346 643
346 649
346 711
348 492
348 534
348 1462
349 430
349 362
349 388
349 433
349 492
349 668
349 569
349 636
349 641
349 640
349 620
349 553
350 516
350 398
350 482
350 725
350 563
350 641
350 753
350 686
351 430
351 891
351 962
352 440
355 494
355 740
356 482
356 653
356 689
356 962
356 995
357 433
360 386
360 523
360 572
360 571
360 562
360 955
360 467
362 728
362 433
362 440
362 641
362 640
362 513
362 534
362 726
362 676
362 482
362 755
362 639
362 401
362 491
362 565
362 562
362 753
362 643
362 608
362 404
362 563
362 543
362 546
362 488
362 390
362 663
362 431
362 453
362 370
362 388
362 471
362 492
362 590
362 622
362 479
362 516
362 636
362 576
362 686
362 692
362 550
362 652
362 502
362 395
362 459
362 649
362 494
362 464
362 393
362 460
362 442
362 512
362 668
362 611
362 548
362 569
362 573
362 578
362 373
362 633
362 674
362 675
362 711
362 725
363 563
364 640
364 476
367 641
367 440
369 978
369 1477
370 659
370 755
370 641
372 676
373 492
373 466
373 562
373 573
373 753
376 755
376 1050
376 543
376 573
376 640
376 1429
376 931
376 884
376 546
376 563
376 1020
376 1051
376 494
376 666
376 445
376 448
376 492
376 611
376 670
376 571
376 576
376 753
376 641
376 686
376 711
376 648
376 736
376 398
377 482
377 797
377 740
377 390
377 640
377 686
378 401
378 640
379 621
380 563
380 1178
382 640
382 728
382 430
382 543
382 563
382 494
382 622
382 755
383 686
383 390
383 640
383 395
384 686
384 390
384 640
384 395
386 523
386 620
386 603
386 562
386 753
386 569
386 641
386 513
386 725
386 692
386 640
386 728
386 492
386 797
386 1050
386 755
386 546
386 416
386 1044
386 1329
386 740
386 676
386 702
386 686
386 906
386 668
386 573
386 932
386 674
386 1249
386 633
386 433
386 675
386 687
386 617
386 661
386 467
386 404
386 440
386 479
386 482
386 488
386 511
386 529
386 1125
386 566
386 571
386 576
386 586
386 590
386 614
386 608
386 736
386 398
386 483
386 659
386 401
386 459
386 622
386 649
386 464
386 431
386 388
386 460
386 1178
386 452
386 466
386 476
386 549
386 1276
386 560
386 567
386 574
386 578
386 588
386 534
386 713
386 735
386 962
386 978
386 453
386 648
387 978
387 563
388 640
388 546
388 430
388 728
388 755
388 433
388 488
388 492
388 595
388 562
388 464
388 404
388 466
388 692
388 622
388 633
388 643
388 663
388 711
388 648
388 398
389 460
389 640
389 1138
389 801
389 935
389 1477
389 482
389 1050
389 797
389 1336
389 1120
389 563
389 1324
390 640
390 686
392 1436
392 464
392 571
392 753
392 636
392 674
392 713
392 492
393 728
393 1062
393 459
393 460
393 755
393 404
393 416
393 440
393 482
393 488
393 562
393 569
393 584
393 640
393 643
393 546
393 659
393 668
393 817
393 962
393 1050
393 966
393 1462
393 476
393 740
395 1244
395 640
395 755
395 676
395 728
398 649
398 494
398 438
398 523
398 1436
398 511
398 488
398 569
398 574
398 640
398 440
398 584
398 639
398 608
398 573
398 453
398 467
398 431
398 483
398 661
399 486
400 401
401 641
401 492
401 433
401 442
401 471
401 491
401 513
401 587
401 640
401 534
401 482
401 755
402 755
404 546
404 453
404 1050
405 797
405 1151
405 640
405 1085
405 1231
405 1244
405 1460
405 825
405 817
405 918
405 1047
405 755
405 1477
405 1050
405 728
405 962
408 433
408 513
408 608
408 622
408 640
409 433
409 668
409 622
409 663
409 590
409 674
409 535
409 516
409 520
409 693
409 728
409 459
409 492
409 692
409 640
413 1436
414 962
414 680
414 608
414 686
415 641
415 686
416 725
416 574
416 1040
416 546
416 728
416 534
416 459
416 430
416 494
416 649
416 464
416 663
416 460
416 755
416 466
416 468
416 482
416 476
416 692
416 491
416 492
416 668
416 562
416 569
416 573
416 576
416 578
416 584
416 590
416 753
416 608
416 622
416 633
416 675
416 640
416 641
416 643
416 565
416 702
416 686
416 711
416 740
417 797
417 1085
417 489
417 935
417 1462
417 442
417 740
417 441
417 728
417 755
417 676
417 640
417 452
417 492
418 433
418 489
418 740
419 736
419 543
420 686
421 1111
421 595
421 518
423 670
425 729
425 736
426 563
426 543
427 563
427 978
430 482
430 797
430 728
430 459
430 649
430 1050
430 755
430 440
430 492
430 562
430 565
430 576
430 590
430 753
430 614
430 640
430 641
430 534
430 668
430 686
430 740
431 445
431 639
431 546
431 1269
433 479
433 640
433 663
433 464
433 435
433 442
433 440
433 471
433 482
433 491
433 492
433 513
433 516
433 590
433 753
433 622
433 636
433 641
433 675
433 534
433 686
433 1269
433 725
433 1244
435 649
435 663
435 755
435 466
435 728
435 562
435 569
435 584
435 614
435 633
435 639
435 641
435 640
435 686
435 742
435 563
436 740
437 663
437 1269
437 1050
437 797
437 513
437 934
437 971
437 1085
437 935
438 1379
439 978
440 562
440 590
440 641
440 640
440 534
440 755
440 728
440 464
443 511
443 492
443 755
443 726
443 578
443 728
443 643
443 569
443 686
443 640
444 641
445 534
447 579
447 470
447 482
448 549
448 640
448 482
448 740
448 728
448 649
448 492
448 663
448 491
448 546
448 573
448 571
448 1094
450 622
450 663
450 728
450 546
451 962
452 728
452 640
452 797
452 1269
453 569
453 492
453 562
453 640
453 534
453 643
453 686
453 728
453 755
453 494
453 668
453 641
453 479
453 1085
453 482
453 459
453 460
453 1436
453 584
453 565
453 753
453 516
453 590
453 649
453 711
453 675
453 576
453 639
453 663
453 547
453 611
453 754
453 633
453 702
453 620
453 594
453 1316
453 692
453 558
453 746
453 578
453 674
453 504
453 661
453 555
453 636
453 685
453 465
453 468
453 742
453 496
453 543
453 624
453 744
453 493
453 735
453 588
453 497
453 549
453 808
453 586
453 726
453 622
453 725
459 482
459 460
459 563
459 640
459 726
459 676
459 755
459 641
459 513
459 569
459 622
459 649
459 603
459 663
459 466
459 479
459 728
459 668
459 562
459 565
459 753
459 614
459 633
459 643
459 686
459 711
459 740
459 546
459 471
459 491
459 492
459 590
459 534
459 725
459 675
459 602
460 466
460 562
460 728
460 675
460 622
460 640
460 641
460 966
460 1462
464 546
464 622
464 562
464 590
464 728
464 488
464 640
464 641
464 633
464 534
464 643
466 578
466 1152
466 854
466 513
466 726
466 989
466 569
466 546
466 584
466 728
466 622
466 640
466 488
466 692
466 492
466 668
466 560
466 562
466 590
466 753
466 633
466 641
466 534
466 643
466 686
466 711
466 725
466 482
466 755
467 728
467 633
467 648
467 755
467 494
467 573
467 1434
467 643
467 1244
467 546
467 1062
467 935
467 622
467 663
467 479
467 692
467 492
467 507
467 668
467 884
467 560
467 565
467 569
467 578
467 588
467 590
467 809
467 614
467 674
467 641
467 640
467 534
467 686
467 711
467 713
467 725
467 482
467 1476
467 559
468 479
468 492
468 728
468 640
468 494
468 755
468 471
468 476
468 482
468 1208
468 518
468 513
468 561
468 569
468 578
468 590
468 614
468 633
468 534
468 643
468 661
468 668
468 608
468 692
468 740
468 620
468 559
468 538
468 1478
468 1047
468 1436
469 640
469 574
469 728
471 546
471 1050
471 640
471 489
471 492
471 518
471 513
471 668
471 562
471 534
471 643
471 686
471 1462
471 755
471 674
471 675
471 711
473 978
474 640
474 534
474 740
476 797
476 728
476 935
476 1050
476 755
476 1151
476 1208
476 534
476 641
476 640
476 1462
476 943
476 1460
476 1477
476 740
476 492
476 676
476 907
476 1178
476 1249
476 1062
476 972
476 960
476 1329
476 1138
476 538
476 594
476 1400
476 785
476 573
476 1276
476 1244
476 971
476 563
476 1020
476 1147
478 1269
478 546
478 483
478 797
478 563
478 661
478 1050
478 640
478 728
478 663
478 755
478 960
478 489
478 492
478 1380
478 538
478 641
478 534
478 1460
478 1462
478 989
479 1224
479 640
479 674
479 641
479 725
479 534
479 728
479 513
479 966
479 518
479 488
479 1436
480 728
480 649
480 640
480 534
480 676
482 1047
482 546
482 1050
482 513
482 728
482 1478
483 523
483 674
483 1178
483 649
483 686
483 573
483 492
483 590
483 546
483 797
483 614
483 488
483 563
488 571
488 728
488 753
488 546
488 649
488 640
488 663
488 518
488 755
488 491
488 565
488 569
488 576
488 590
488 614
488 643
488 562
488 686
488 711
488 534
488 563
489 962
489 1269
489 1050
489 1462
489 1085
489 1208
489 1477
489 1222
489 1329
489 797
489 728
489 640
489 1062
489 966
489 1460
489 1244
489 935
489 563
491 640
491 663
491 686
491 546
491 698
491 492
491 1228
491 728
491 518
491 562
491 563
491 565
491 569
491 576
491 619
491 590
491 602
491 753
491 614
491 622
491 633
491 641
491 534
491 643
491 649
491 674
491 702
491 725
491 726
491 648
491 740
491 711
491 713
491 620
492 755
492 728
492 546
492 513
492 641
492 640
492 534
492 643
492 686
492 562
492 569
492 576
492 614
492 668
492 725
492 674
492 675
492 740
492 995
493 640
493 755
494 573
494 1054
494 563
494 546
494 663
494 668
494 560
494 562
494 569
494 574
494 578
494 753
494 1379
494 643
494 725
497 1152
497 668
497 640
498 1214
498 569
498 1151
498 995
499 1478
500 755
500 526
500 560
500 573
500 1230
500 578
500 590
500 602
500 753
500 640
500 641
500 574
500 686
500 1436
500 1478
502 562
502 567
502 574
502 636
502 640
503 1111
504 608
504 995
505 728
506 640
506 1108
506 1380
507 540
507 563
507 603
507 701
507 728
507 571
507 573
507 588
507 643
507 670
507 648
507 707
507 729
507 736
507 687
507 1436
508 978
510 547
510 639
511 546
511 649
511 663
511 513
511 565
511 590
511 753
511 622
511 641
511 640
511 534
511 643
511 686
511 740
511 608
511 562
511 569
511 576
511 578
511 584
511 614
511 633
511 639
511 668
511 674
511 675
511 1429
511 702
511 711
511 725
511 726
511 728
511 1477
511 755
511 995
511 989
511 603
511 531
511 549
511 560
511 573
511 588
511 599
511 604
511 729
511 736
514 1235
514 850
514 854
514 877
514 934
514 1047
514 1050
514 1208
514 1222
514 728
514 1244
514 1380
514 1276
514 1295
514 1347
514 1348
514 640
514 641
514 1048
514 1478
514 740
514 797
516 587
516 663
517 778
517 640
517 971
517 995
518 720
518 678
518 879
518 971
520 649
523 641
523 1111
523 640
523 534
523 574
523 663
523 817
523 603
523 562
523 620
523 546
523 687
523 659
523 617
523 978
523 661
523 622
523 649
523 1178
523 692
523 728
523 529
523 549
523 1276
523 560
523 566
523 567
523 569
523 571
523 576
523 578
523 586
523 588
523 590
523 614
523 753
523 608
523 633
523 675
523 686
523 713
523 725
523 676
523 648
523 735
523 736
526 797
531 740
534 1178
534 676
534 728
534 755
534 640
534 1050
534 726
534 641
534 1462
534 686
535 569
535 563
535 728
535 622
535 619
535 633
535 753
535 641
535 640
535 643
535 711
535 725
535 726
536 640
537 728
537 740
537 995
538 1050
538 1244
538 755
538 877
538 1436
538 728
538 608
538 940
538 1429
538 1062
538 1208
538 663
538 641
538 622
538 1047
538 1317
540 573
540 686
542 639
543 563
543 962
546 753
546 1111
546 573
546 943
546 836
546 725
546 692
546 643
546 576
546 675
546 1151
546 1007
546 589
546 663
546 614
546 633
546 641
549 753
552 555
554 736
555 663
555 590
555 614
555 725
555 620
555 565
555 578
555 640
558 978
558 728
558 640
558 827
558 823
558 1416
558 1476
558 614
558 573
558 1051
558 755
558 641
558 562
558 1462
558 686
558 935
558 643
558 569
558 1276
558 1388
559 640
559 728
559 668
559 740
559 643
559 560
559 574
559 614
559 633
559 674
559 620
559 661
559 1478
559 1429
560 640
560 1178
560 1244
560 728
560 563
560 668
560 633
560 1436
560 561
560 562
560 578
560 584
560 577
560 622
560 643
560 711
560 740
561 622
561 797
561 668
561 995
561 711
561 728
562 572
562 668
562 643
562 1178
562 725
565 1429
565 643
565 675
565 663
565 725
565 622
565 641
565 686
565 649
565 728
565 726
565 668
565 753
565 640
565 633
565 755
565 608
566 740
566 640
566 797
566 728
566 978
567 608
567 725
567 574
567 860
567 728
567 693
567 640
567 978
567 660
567 1130
567 663
567 735
567 1228
567 571
567 588
567 590
567 595
567 596
567 674
567 713
567 730
569 1178
569 640
569 797
569 643
569 753
569 711
569 590
569 584
569 725
569 675
569 576
569 641
569 633
569 578
569 686
569 692
571 595
572 622
572 728
572 640
572 641
572 643
572 576
572 578
572 726
572 663
572 633
573 687
573 692
573 611
573 1274
573 578
573 590
573 753
573 809
573 614
573 633
573 648
573 686
573 736
573 1379
573 1066
573 1178
573 643
573 755
574 1040
574 877
574 979
574 640
574 608
574 633
576 639
576 649
576 753
576 740
577 640
578 668
578 1434
578 711
578 643
578 692
578 753
582 797
582 725
582 640
582 641
582 590
584 686
584 640
584 728
584 641
584 698
584 643
584 753
584 740
584 1232
584 586
584 590
584 649
584 614
584 755
584 989
586 608
586 962
586 978
586 1436
588 620
588 622
588 640
588 755
588 725
588 639
588 661
588 686
588 1054
589 590
589 608
589 663
589 641
590 608
590 663
590 641
595 725
595 755
595 640
595 1228
595 978
595 649
595 668
595 1436
596 668
596 1244
599 1020
599 1054
599 1147
599 1036
599 962
599 1182
599 1305
601 755
601 663
601 640
601 935
601 940
601 1151
601 772
601 825
601 1100
601 1208
601 960
601 1255
601 1460
601 1477
601 836
601 1040
601 1316
602 797
603 725
603 1178
603 633
603 640
603 608
603 620
603 643
603 726
603 728
603 622
603 686
603 711
603 755
603 617
603 641
603 647
603 668
603 648
603 1379
603 619
604 1040
609 640
609 728
609 755
609 663
609 962
609 1244
609 1111
609 1040
609 1231
609 1276
609 1050
609 797
611 728
611 659
611 649
611 663
611 755
611 633
611 639
611 640
611 641
611 643
611 711
611 725
611 740
611 620
613 728
613 740
613 1436
614 755
614 692
614 728
614 753
614 640
614 641
614 643
614 686
614 711
614 633
614 639
614 675
614 725
614 931
614 1336
614 962
614 740
614 1050
614 776
614 780
614 1394
614 834
614 1074
614 960
614 1204
616 661
616 728
616 640
616 620
616 725
617 640
617 935
617 649
617 663
617 755
617 692
617 753
617 622
617 633
617 643
617 641
617 675
617 686
617 702
617 711
617 713
617 725
617 726
617 728
617 740
618 1324
618 797
618 935
618 817
618 640
618 728
618 668
619 1066
619 935
619 753
619 633
619 640
619 641
619 643
619 728
619 686
619 725
621 736
622 711
622 640
622 643
622 740
623 995
625 740
630 640
630 1462
630 966
630 1436
630 755
630 1178
630 1050
630 797
630 1222
630 1051
630 711
630 686
630 1329
630 728
630 781
633 1379
633 725
633 641
633 640
633 740
634 728
636 712
639 641
639 686
639 740
640 896
640 1085
640 728
640 676
641 649
641 1050
641 728
641 740
641 675
641 1462
641 817
641 931
641 884
641 1460
641 1436
642 989
642 978
643 692
643 728
643 668
643 753
643 649
643 663
643 675
643 674
643 686
643 711
643 725
643 740
643 797
643 962
643 1178
643 989
643 1244
644 728
644 753
644 702
644 740
645 740
646 692
646 755
646 711
646 797
646 1359
646 1436
647 753
648 728
649 728
649 686
651 728
652 728
656 962
656 663
656 730
658 737
658 1020
659 728
659 725
659 755
659 713
659 676
659 674
660 735
661 1436
663 728
663 686
663 713
663 725
663 726
668 1050
668 1244
668 676
668 755
668 1062
668 935
668 1020
668 728
668 1040
668 1111
668 1152
668 1316
668 1133
668 797
674 797
674 962
674 728
674 686
674 1436
674 711
674 1462
674 725
674 740
674 755
675 1050
675 1462
675 1062
675 1080
675 817
675 935
675 1044
675 1085
675 755
675 728
675 966
675 1305
675 1324
675 1329
675 753
675 797
675 686
675 1436
675 711
675 725
675 1477
675 962
676 728
678 1208
678 1230
684 1462
684 740
687 725
687 978
687 1436
687 728
690 797
690 740
692 753
693 740
698 755
698 728
698 753
698 711
698 726
700 740
701 728
702 728
708 962
710 755
710 1462
710 728
710 962
711 1244
711 755
711 1208
714 755
719 1436
720 1050
724 797
724 728
724 1462
725 728
725 753
726 1477
726 728
726 1178
726 935
726 1085
726 755
726 1316
728 1178
728 1062
728 817
728 1429
728 935
728 1050
728 1085
728 1208
728 966
728 1380
728 1249
728 1269
728 1324
728 753
728 1462
728 1477
728 755
729 736
730 1066
734 740
734 755
736 757
736 1379
736 1050
736 989
736 797
736 1111
736 1478
740 962
740 1152
740 797
740 972
740 1178
740 1050
740 1085
742 1062
743 817
748 854
753 1050
753 978
753 1436
753 1460
753 1062
753 1329
754 797
754 755
754 1244
759 962
759 854
759 1269
759 1193
759 853
760 962
760 1133
761 1094
761 767
761 772
761 774
761 778
761 1186
761 785
761 809
761 817
761 821
761 1081
761 825
761 829
761 1047
761 1429
761 918
761 926
761 931
761 1386
761 943
761 965
761 1062
761 1454
761 1040
761 1070
761 1044
761 1046
761 1050
761 1054
761 1085
761 1111
761 1152
761 1389
761 1220
761 1213
761 1231
761 763
761 1244
761 884
761 1268
761 1413
761 1295
761 1327
761 1329
761 1316
761 1347
761 1351
761 1356
761 1417
761 1436
761 1421
761 1165
761 1478
761 1069
761 949
761 1060
761 971
761 1269
761 801
761 989
761 1121
761 877
761 1267
761 1477
761 823
761 1208
761 1253
761 1007
762 1111
762 1068
762 877
762 1036
762 774
762 999
762 878
763 1171
763 1398
763 1345
763 1478
763 1149
763 821
763 1295
763 778
763 1047
763 949
764 1152
764 1249
764 1481
764 823
764 1050
764 829
764 1040
764 962
764 1244
764 1250
764 1454
764 1121
764 854
764 877
764 1120
764 989
764 1007
764 1047
764 1111
764 1269
764 1178
764 1462
764 1062
764 1080
764 825
764 1163
764 960
764 1208
764 1221
764 1231
764 1292
764 1391
764 1190
764 1436
764 1460
764 1478
764 987
764 884
764 1329
764 791
764 935
764 1418
764 781
764 790
764 882
764 1151
764 1196
764 1276
764 1305
764 1316
764 951
764 1417
764 1428
764 1458
764 1477
764 785
764 1100
764 1347
764 797
765 1158
765 854
765 912
765 1292
766 1316
766 877
766 918
766 1054
766 1279
766 797
766 809
766 1111
766 1222
766 1460
766 1477
766 1050
767 1111
767 1454
767 1377
767 1328
767 1176
767 980
767 1276
767 1054
767 1053
767 1347
770 1040
770 979
771 962
771 1007
771 1269
771 989
771 1410
771 854
771 1178
771 801
771 780
771 952
771 861
771 907
771 827
771 1305
771 1300
771 1100
771 965
771 1213
771 1219
771 1158
771 1436
771 1329
772 1158
772 1111
772 1350
772 962
772 1276
772 1040
772 1208
772 1478
772 1100
772 854
772 1477
772 1391
772 1316
772 821
772 1305
772 884
772 1050
772 954
772 1151
772 1436
772 1347
772 797
772 1178
772 1085
772 1152
772 1244
772 1428
772 1462
772 1069
772 809
772 1062
772 888
772 961
772 1426
772 1006
772 1421
772 1413
772 896
772 1445
772 802
772 1190
772 871
772 940
772 1120
772 1140
772 1199
772 1149
772 1294
772 1359
772 1417
772 972
772 1460
772 1324
773 1454
773 1269
773 970
773 1259
774 1144
774 777
774 1368
774 837
774 838
774 842
774 864
774 906
774 907
774 926
774 954
774 965
774 1004
774 1488
774 1061
774 1071
774 1079
774 1471
774 1104
774 1129
774 1153
774 1198
774 1214
774 1219
774 1206
774 1149
774 1307
774 1327
774 1343
774 1254
774 1350
774 1363
774 1371
774 1383
774 952
774 1401
774 1405
774 1420
774 1440
774 813
774 962
774 1208
774 1347
774 1477
774 1111
774 1305
774 940
774 854
774 1292
774 918
774 778
774 882
774 1300
774 1138
774 1426
774 776
774 1094
774 1336
774 1429
774 1478
774 1329
774 871
774 1050
774 809
774 1044
775 854
776 962
776 1094
776 809
776 780
776 797
776 1190
776 817
776 837
776 834
776 871
776 918
776 931
776 963
776 970
776 978
776 988
776 1044
776 1050
776 1090
776 861
776 1111
776 1113
776 1120
776 1152
776 1389
776 1208
776 1214
776 1216
776 1222
776 1244
776 1292
776 1305
776 1316
776 1359
776 1436
776 1444
776 972
776 1458
776 1460
776 1478
776 1080
776 995
777 1054
777 1007
777 1425
777 1050
777 962
777 801
777 1133
777 1462
777 1044
777 1329
777 854
777 995
777 912
777 918
777 965
777 978
777 1051
777 1111
777 1152
777 1214
777 1244
777 1300
777 1305
777 1471
777 783
777 979
777 990
777 1407
777 1383
777 999
777 1036
780 871
780 971
780 1121
780 1066
780 801
780 1394
780 1035
780 816
780 817
780 825
780 854
780 907
780 935
780 940
780 949
780 955
780 970
780 1373
780 1426
780 1025
780 1047
780 1356
780 861
780 1165
780 1151
780 1208
780 1149
780 1477
780 855
780 1120
780 834
780 1336
780 1462
780 1249
780 1398
780 1090
780 797
780 1152
780 1178
780 1429
780 809
780 1324
780 1054
780 1020
780 918
780 1329
780 1113
780 1444
780 1091
780 1094
780 821
780 1221
780 1417
780 887
780 917
780 1050
780 960
780 1469
780 1163
780 1174
780 1327
781 1249
781 1462
781 1324
781 962
781 1050
781 965
781 1330
783 1040
783 948
783 962
783 1066
783 854
785 990
785 884
785 797
785 1316
785 1244
785 825
785 1436
786 999
786 854
786 962
786 1152
786 1040
786 842
786 792
786 837
786 970
786 1002
786 1044
786 1356
786 1111
786 1127
786 1163
786 813
786 1329
786 1371
786 1440
786 949
786 1216
786 945
786 1125
786 1208
786 1147
786 825
787 791
787 797
787 825
787 891
787 935
787 940
787 1068
787 951
787 1400
787 1050
787 1111
787 1151
787 1208
787 1222
787 1244
787 1380
787 1269
787 1429
787 1454
787 1462
787 1477
789 1269
789 989
789 1111
790 1111
790 1066
790 1152
790 1244
790 1406
790 1050
790 1269
790 1454
790 797
790 1316
791 1152
792 821
792 933
792 1209
792 818
792 1388
792 1456
792 1320
792 1395
792 1048
792 892
792 940
792 1064
792 1371
792 1171
792 1200
792 1220
792 1191
792 1219
792 1454
792 970
792 1316
792 943
792 972
792 999
792 1036
792 854
792 1436
792 805
792 912
792 949
792 1478
792 1244
792 1304
792 1212
795 1250
795 1111
795 962
795 999
795 1040
795 987
795 877
795 1244
795 825
795 979
795 1436
796 995
800 1152
800 1190
800 1068
800 1478
800 1305
800 1007
800 1149
800 854
800 1244
800 960
800 962
801 962
801 1066
802 884
802 809
802 1478
802 1152
802 821
802 999
802 854
802 1269
803 962
803 1329
804 962
804 1244
804 1050
804 821
804 1458
804 913
804 861
805 962
805 1008
805 1068
805 1158
805 1269
805 1454
805 821
805 825
805 854
805 855
805 951
805 955
805 970
805 992
805 1050
805 1100
805 1152
805 1244
805 1149
805 1345
805 1458
805 1478
805 1178
805 1171
805 1147
805 1436
806 1178
806 1454
806 854
806 1244
806 1050
806 1231
806 877
806 1120
806 1276
806 823
806 1054
806 1152
806 817
806 940
806 1040
806 1316
806 1190
806 1305
806 918
806 1345
806 1426
806 1292
806 1460
806 1462
806 943
806 855
806 978
806 1066
806 995
807 1047
807 1050
807 994
807 1431
807 962
808 1178
809 1460
810 995
810 971
810 1147
810 1121
810 854
811 962
812 962
812 1436
812 863
812 816
812 825
812 864
812 891
812 940
812 1020
812 1040
812 1050
812 1100
812 1111
812 1152
812 1184
812 1222
812 1231
812 1244
812 1372
812 951
812 1147
812 1477
813 1044
813 999
813 1171
813 1100
813 1050
813 853
813 918
813 1152
813 962
813 1250
813 1454
813 1436
814 1190
814 864
814 877
814 962
814 978
814 1040
814 1044
814 1050
814 1090
814 1091
814 1111
814 1152
814 1178
814 1217
814 1244
814 1359
814 1478
814 999
815 1190
815 1062
815 816
815 1100
815 821
815 825
815 1428
815 877
815 943
815 1143
815 918
815 931
815 940
815 951
815 955
815 935
815 963
815 970
815 972
815 1454
815 1040
815 834
815 1044
815 1050
815 1356
815 1152
815 1163
815 960
815 1221
815 1230
815 1244
815 884
815 1276
815 1269
815 1305
815 1324
815 1329
815 1120
815 1417
815 1336
815 1435
815 1436
815 1460
815 1477
816 1066
816 943
816 1436
816 1100
816 1143
816 1149
816 1196
816 1094
817 1163
817 1050
817 1062
817 1276
817 884
817 1120
817 834
817 1206
817 1080
817 935
817 1040
817 1085
817 1111
817 1138
817 1305
817 1324
817 960
817 1336
817 1429
817 1178
817 943
817 1460
817 940
817 972
817 1012
817 882
817 1222
817 1244
817 1329
817 1113
817 1230
817 1458
817 1151
819 820
821 949
821 1345
821 1356
821 962
821 1133
821 1454
821 1121
822 877
822 1054
822 1316
822 1436
822 1111
822 1068
822 1244
822 1269
822 962
822 1040
822 1050
822 1163
822 1456
822 1213
822 1009
822 1329
823 1050
823 1462
823 877
823 1244
823 1221
823 1436
823 1062
823 825
823 829
823 1120
823 1178
823 935
823 940
823 834
823 1040
823 1044
823 1047
823 882
823 1085
823 1111
823 1151
823 1152
823 1163
823 1176
823 960
823 1208
823 1222
823 1231
823 1249
823 884
823 1269
823 1276
823 1305
823 1316
823 1359
823 1429
823 1460
823 1477
823 1478
825 989
825 1460
825 1244
825 1324
825 1062
825 834
825 970
825 1020
825 1040
825 1050
825 1090
825 1111
825 1151
825 1152
825 960
825 1265
825 1269
825 1305
825 1380
825 1316
825 1336
825 1462
825 1428
825 943
825 1477
826 962
826 854
826 853
827 1163
827 1090
827 1297
827 952
827 854
827 1157
828 1244
828 1316
828 1231
828 854
828 1121
828 1111
828 962
828 918
828 871
828 1436
829 1231
829 1111
829 1100
829 1152
829 942
830 1454
830 1460
830 1254
830 970
832 962
834 1040
834 1050
834 836
834 1244
834 877
834 1111
834 1316
834 960
834 979
834 1347
834 1269
834 918
834 1329
834 1120
834 1068
834 1477
834 1336
834 1249
834 1390
834 1165
834 940
834 1305
834 1099
834 1324
834 1319
834 966
834 1416
834 882
834 1138
834 935
834 1151
834 1265
834 1391
834 1176
834 931
834 1460
834 1080
834 1222
834 1085
834 1436
834 1133
834 1152
835 1050
835 1244
835 1269
836 1050
836 1040
836 1457
836 1436
836 1276
836 1100
836 877
836 891
836 934
836 1111
836 1151
836 1163
836 1231
836 1244
836 1269
836 1316
836 1481
836 1477
837 1050
837 877
837 1152
837 1255
837 1305
837 1122
837 940
837 1178
837 1208
837 1400
837 962
837 1327
838 1047
838 933
838 1373
838 1100
838 1289
838 979
838 1244
838 891
838 1152
838 1068
838 1007
838 1250
838 1066
838 962
838 918
839 972
839 918
840 1269
840 995
840 854
841 1324
841 979
841 1100
841 869
841 1436
841 1250
842 907
842 979
842 1008
842 1025
842 1027
842 1044
842 1051
842 1129
842 1191
842 1200
842 1208
842 1214
842 1250
842 1149
842 1337
842 1417
842 1371
842 1388
842 1007
842 999
842 1436
842 1327
842 854
845 1244
846 1007
846 962
846 853
846 989
846 1111
846 1152
846 1178
846 1244
846 1434
849 989
849 978
849 853
850 1250
850 1040
850 1100
850 877
850 1244
850 854
850 1230
850 1391
850 1052
850 907
850 908
850 958
850 1050
850 1152
850 1358
850 1388
850 918
850 999
850 1217
850 1025
850 899
850 1027
850 903
850 892
850 933
850 1286
850 1061
850 929
850 979
850 936
850 1373
850 1132
850 1201
850 1467
850 1289
850 1471
850 1486
850 1363
850 1092
850 1328
850 1205
850 872
850 978
850 960
851 1429
851 1178
851 918
851 1044
851 1050
851 1113
851 1152
851 1329
851 960
851 970
851 943
851 935
851 1090
851 940
851 978
851 987
851 1062
851 1305
851 1040
851 1111
851 1190
851 966
851 1244
851 931
851 1292
851 1216
851 1355
851 1417
851 1336
851 1436
851 1460
851 1462
851 1165
851 1222
851 999
851 962
853 962
853 854
854 1269
854 1007
854 1048
854 962
854 1216
854 1178
854 995
854 1297
854 965
854 1431
854 1359
854 1100
854 1217
854 1230
854 1025
854 1245
854 879
854 1080
854 877
854 1398
854 1035
854 992
854 1235
854 1052
854 1087
854 1356
854 900
854 1410
854 963
854 1177
854 994
854 1273
854 1300
854 1171
854 1162
854 1009
854 1213
854 1458
854 934
854 1184
854 1124
854 940
854 931
854 1199
854 892
854 893
854 1153
854 859
854 1069
854 1350
854 1286
854 1345
854 1327
854 1219
854 881
854 898
854 1426
854 1163
854 1210
854 937
854 986
854 1413
854 1134
854 1006
854 1481
854 926
854 1214
854 855
854 1046
854 1263
854 979
854 936
854 1012
854 1075
854 1382
854 988
854 1321
854 1347
854 952
854 1485
854 1421
854 1053
854 1419
854 1186
854 1349
854 1084
854 1254
854 1373
854 1457
854 1333
854 1132
854 882
854 1149
854 1474
854 1014
854 1420
854 1125
854 1218
854 1243
854 1160
854 1270
854 1427
854 980
854 1443
854 1201
854 1223
854 1195
854 1338
854 1337
854 1226
854 1468
854 1437
854 894
854 902
854 878
854 1206
854 978
854 1388
854 1370
854 890
854 939
854 1414
854 1064
854 1331
854 964
854 907
854 1204
854 1145
854 1103
854 1407
854 1471
854 1071
854 1237
854 1129
854 1320
854 1470
854 1488
854 973
854 1322
854 1405
854 888
854 1079
854 1425
854 1076
854 948
854 945
854 1155
854 1115
854 1209
854 1368
854 1127
854 1440
854 1295
854 1193
854 1432
854 1104
854 1016
854 1392
854 871
854 1403
854 1094
854 1424
854 1140
854 1422
854 1092
854 1342
854 1299
854 1264
854 1063
854 1157
854 974
854 1241
854 1096
854 1328
854 1307
854 1113
854 1138
854 1348
854 1355
854 1089
854 1156
854 1361
854 953
854 1231
854 1366
854 870
854 1101
854 1280
854 1122
854 1335
854 1303
854 914
854 1473
854 1484
854 857
854 1376
854 1469
854 1351
854 1393
854 1128
854 1033
854 1181
854 1296
854 868
854 1164
854 1161
854 1415
854 906
854 971
854 1123
854 1086
854 1029
854 1074
854 1383
854 1189
854 1148
854 991
854 1352
854 873
854 1005
854 1107
854 1225
854 1466
855 936
855 1094
855 1190
855 1398
855 1080
855 970
855 1434
855 891
855 908
855 918
855 940
855 949
855 951
855 952
855 960
855 1171
855 965
855 995
855 1040
855 1044
855 1052
855 1047
855 1050
855 1068
855 1090
855 1099
855 1111
855 1151
855 1152
855 1158
855 1405
855 1201
855 1208
855 1220
855 1222
855 1410
855 1244
855 1255
855 1297
855 1292
855 1305
855 1316
855 1329
855 1345
855 1012
855 1407
855 1390
855 1426
855 1429
855 1460
855 1462
855 1477
855 1470
855 1120
855 882
855 1336
855 858
855 1393
855 1020
855 1054
855 1147
856 932
856 960
856 1336
856 1020
856 1062
856 1111
856 1324
856 1477
856 943
856 1305
856 1231
856 987
856 1269
856 934
856 989
857 1355
858 877
858 1460
858 995
858 1163
859 1050
859 884
859 1007
859 907
859 1152
859 979
859 1040
859 929
859 1100
859 1155
859 1208
859 1149
859 1370
859 892
859 1435
860 1178
861 1107
862 1401
863 1100
863 1244
863 951
863 1050
863 1231
863 877
863 1478
863 958
864 1132
864 1308
864 1050
864 1152
864 1178
864 940
864 963
864 989
864 891
864 1036
864 1327
864 1163
864 1040
864 999
864 1436
869 989
869 1292
869 962
872 1329
872 1080
872 989
872 962
872 1250
872 1178
872 979
872 1050
872 1152
872 1208
872 943
872 1133
873 995
873 962
873 1007
873 1008
873 1050
873 1064
873 1440
873 1163
874 962
874 1121
874 1152
874 1275
874 1478
875 999
875 962
875 1305
877 1040
877 987
877 1244
877 962
877 1094
877 1460
877 1152
877 1121
877 918
877 1050
877 1100
877 989
878 1327
878 1244
878 918
878 1269
878 1436
879 1048
879 1216
879 1460
879 891
879 1040
879 1050
879 1111
879 1230
879 1231
879 1244
879 1269
879 1462
879 1120
879 957
879 972
879 1138
879 1151
879 1152
879 1208
879 943
879 1458
879 1477
879 1478
879 958
879 1398
879 1080
879 880
879 1226
879 915
879 1408
879 935
879 940
879 949
879 953
879 965
879 978
879 971
879 1373
879 988
879 1007
879 1000
879 1070
879 1046
879 1047
879 1051
879 882
879 1060
879 1035
879 1091
879 1356
879 1100
879 897
879 1103
879 1162
879 1184
879 1196
879 1389
879 960
879 1214
879 1217
879 1221
879 1222
879 1223
879 1474
879 1257
879 1295
879 1219
879 1149
879 1276
879 1316
879 1333
879 1347
879 1348
879 1350
879 1391
879 945
879 951
879 973
879 979
879 1426
879 1400
879 994
879 1213
879 1419
879 1339
879 1441
879 1320
879 948
879 1171
879 884
879 1249
880 1036
880 1152
880 1244
880 1222
880 1050
881 995
881 1187
881 1064
881 1428
881 1398
881 907
881 961
881 1152
881 1149
881 1436
882 1208
882 1040
882 1050
882 1163
883 995
884 1152
884 1316
884 1050
884 1478
884 1171
884 1111
884 1428
885 1327
885 1050
885 1047
885 1113
885 1158
885 1046
885 1221
885 931
885 1460
885 1356
885 1152
885 1462
885 1040
885 1347
885 1171
885 1398
885 1386
885 957
885 972
886 1359
886 989
889 978
890 1244
890 978
891 1050
891 1111
891 1047
891 1163
891 1231
891 1253
891 942
891 962
891 1460
891 1244
891 1428
891 1054
891 1316
891 940
891 1036
891 938
891 1133
891 1269
891 935
891 1020
891 1040
891 1100
891 1152
891 1178
891 1305
891 1477
891 1478
891 1122
891 1408
891 908
891 990
891 1052
891 1162
891 1216
891 1221
891 1222
891 1213
891 1135
891 1255
891 1314
891 1361
891 955
891 981
891 1273
892 1269
892 962
892 1250
892 999
892 1436
892 1163
892 1036
893 1152
893 1100
894 979
894 1040
894 918
894 987
894 1050
894 1111
894 1244
894 1269
894 1454
894 1152
894 1389
894 1373
894 907
894 1308
894 971
894 1276
895 962
896 1269
896 1329
896 1276
896 918
896 1249
896 1054
896 1231
896 940
897 1155
898 1274
898 1044
898 1008
898 1094
898 999
899 1176
899 1398
899 1062
899 1080
899 1436
899 1143
899 900
899 1408
899 918
899 921
899 940
899 949
899 955
899 980
899 1007
899 1040
899 1044
899 1052
899 1050
899 1059
899 1068
899 1091
899 1100
899 1277
899 1111
899 1151
899 1152
899 1200
899 1389
899 960
899 1208
899 1216
899 1221
899 1222
899 1231
899 1244
899 1250
899 1149
899 1276
899 1305
899 1316
899 1327
899 1347
899 1359
899 999
899 1190
899 951
899 979
899 1400
899 1120
899 1171
899 1213
899 1417
899 1462
899 1428
899 1434
899 1454
899 1460
899 1477
899 1478
899 989
899 1121
899 962
900 1050
900 1111
900 1152
900 1208
900 962
900 1006
900 999
900 1007
900 978
902 1007
903 1478
903 918
903 1044
903 1329
903 1107
903 994
903 962
903 999
903 1191
903 1066
903 1269
903 1436
903 1036
906 1305
906 1107
906 918
906 962
906 1090
906 1244
906 999
906 1094
906 1190
906 970
906 1008
906 1044
906 1048
906 1050
906 1083
906 1100
906 1152
906 1407
906 1231
906 1329
906 1356
906 1436
906 1458
906 1478
906 1327
907 1250
908 1208
908 1152
908 1305
908 1478
908 1044
908 1398
908 1178
908 1040
908 1050
908 1111
908 1477
908 1080
908 1329
908 1068
908 1336
908 979
908 1417
908 1070
908 1052
908 1090
908 1151
908 1460
908 1462
908 990
908 1292
908 1429
908 1250
908 1436
908 999
910 962
911 978
913 995
913 1305
914 1305
914 1478
914 1410
915 1152
915 1478
915 962
915 1080
915 1044
915 1046
915 1111
915 1208
915 1230
915 1244
915 1305
915 1336
915 1338
915 1417
915 1460
917 1394
917 962
917 1152
917 918
917 943
917 970
917 1050
917 1458
917 960
918 1454
918 970
918 1066
918 1111
918 1050
918 1094
918 1190
918 1120
918 940
918 1068
918 1047
918 1054
918 1152
918 960
918 1208
918 1244
918 1305
918 1316
918 1429
918 1477
918 1329
918 1436
919 978
920 962
920 1178
920 978
920 1460
920 1050
920 1111
920 1231
920 1436
920 1147
920 1020
920 1054
920 1481
920 1052
920 1249
920 1429
920 1048
920 940
920 1012
920 948
921 1047
921 1171
921 933
921 962
921 949
921 1345
921 1356
921 1052
921 1317
921 1209
921 952
921 1383
921 1000
921 1327
921 1429
921 1305
921 1478
921 1152
921 1133
921 1050
921 1329
921 1389
924 1158
924 962
924 1478
924 1152
925 962
926 1050
926 935
926 1244
926 1428
926 1477
926 1389
926 1329
926 1111
926 1324
926 1178
926 1436
926 1085
926 1462
926 1120
926 1269
926 1090
926 1458
926 1460
926 1316
926 960
926 940
926 1171
926 1040
926 1359
926 966
926 951
926 962
926 1020
926 1054
926 1147
926 989
926 999
926 1080
929 1100
929 1050
929 1152
929 1040
929 1036
929 979
929 1107
929 989
929 1111
929 1329
929 1363
929 1274
929 1250
930 1044
930 1329
931 1047
931 1338
931 1460
932 1047
932 1231
932 1050
933 1191
933 1050
933 1163
933 1040
933 1345
933 1428
933 1429
933 952
933 979
933 1200
933 1133
933 962
933 1269
933 1244
933 1111
933 1478
933 1178
933 1047
933 1231
933 1068
933 1044
933 1436
933 1209
933 1250
933 1036
934 1152
934 1050
934 1244
934 1040
934 971
934 1269
934 1178
934 1085
934 1151
934 1316
934 1276
934 1048
934 1417
934 980
934 1429
934 979
934 943
934 987
934 1249
934 1436
934 1460
934 1300
934 1190
934 1111
934 1163
934 960
934 966
934 1477
934 1458
934 1462
934 1147
934 1054
934 945
934 1176
934 1184
934 935
934 1062
934 1208
934 972
934 1231
934 1230
934 1305
934 1047
934 948
934 1068
934 1158
934 1070
934 1292
934 940
934 1347
934 1398
934 965
934 1100
934 1389
934 1149
934 1168
934 1091
934 1446
934 1370
934 1239
934 1295
934 1333
935 1269
935 1050
935 1040
935 1152
935 966
935 1208
935 1305
935 1462
935 1085
935 1178
935 1062
935 1460
935 1222
935 1477
935 1316
936 1249
936 1243
936 1190
936 951
936 1050
936 1068
936 1111
936 1163
936 1231
936 1244
936 1462
936 1478
936 1250
937 962
937 1040
937 1478
937 1316
937 1111
937 1244
937 1050
937 1462
937 1216
939 1040
939 1436
939 1054
939 1389
939 1267
939 1111
939 1094
939 1050
939 1047
939 962
940 1054
940 1400
940 1316
940 1428
940 1036
941 1269
941 962
941 989
941 1121
941 1276
941 1040
941 1244
941 1152
941 1274
941 1436
941 1478
941 1100
941 1068
942 1249
942 1050
942 1152
942 1329
942 1244
942 1216
942 951
942 1481
942 1462
942 1316
942 1460
942 1231
942 999
942 1007
942 1094
942 1429
942 1080
942 1178
942 1269
942 1133
942 1389
942 1111
942 962
942 1436
942 1036
943 960
943 963
943 1054
943 1412
945 1125
945 1436
945 962
945 1111
945 999
945 995
946 1178
946 1050
946 1085
946 1100
946 1244
946 1292
946 1305
946 1048
946 1336
946 1020
946 1054
946 1147
946 962
949 1345
949 1149
949 1100
949 1327
949 1171
949 1152
949 1292
949 1356
949 965
949 1436
950 1147
950 995
950 1305
951 1244
951 1428
951 1429
952 1054
952 962
952 1269
952 1121
952 989
952 1178
952 970
952 1040
952 1050
952 1244
952 1477
952 1152
952 1478
952 1111
952 1213
952 1163
952 1316
952 1208
952 1327
952 980
952 1426
952 1231
952 1221
952 1047
952 1462
952 1460
952 1454
952 1389
952 987
952 1295
952 1190
952 1044
952 1407
952 1305
952 1068
952 955
952 1336
952 1120
952 1359
952 1276
952 1100
952 1329
952 1220
952 1066
952 1036
952 999
952 1436
954 1036
954 1152
954 1244
954 1134
955 973
955 1094
955 1391
955 1068
955 972
955 980
955 1426
955 992
955 1000
955 1040
955 1044
955 1050
955 1051
955 1012
955 1090
955 1356
955 1100
955 1101
955 1107
955 1111
955 1152
955 1158
955 1176
955 1209
955 1222
955 1231
955 1474
955 1249
955 1276
955 1440
955 1307
955 1265
955 1292
955 1305
955 1190
955 1380
955 978
955 1434
955 1435
955 1436
955 1458
955 1460
955 970
955 1477
955 1062
955 1429
955 981
955 1273
955 1324
955 989
955 1244
955 1454
957 1488
958 1050
958 1462
958 1244
958 960
958 979
958 1250
958 1036
959 1337
960 962
960 1269
960 1066
960 1208
960 1050
961 992
961 1151
961 1460
962 1066
962 1121
962 1085
963 1007
963 1152
964 1125
964 1149
964 965
965 999
965 1007
965 1052
965 1050
965 1051
965 1488
965 1100
965 1111
965 1152
965 1171
965 1196
965 1389
965 1208
965 1214
965 1149
965 1292
965 1305
965 1345
965 1347
965 1350
965 1356
965 1359
965 1391
965 1407
965 1458
965 1462
965 1478
965 971
965 1269
965 1436
965 1276
965 1249
965 1178
965 1190
965 1221
965 1244
965 1428
965 1040
966 1085
966 1462
966 1050
966 1062
966 1429
966 1178
966 1111
966 1324
966 1436
966 1316
966 1151
966 1460
966 1478
966 1020
967 1062
967 1183
967 1249
967 1359
969 1244
969 1478
970 1111
970 1190
970 1044
970 1050
971 1231
971 1050
971 1269
971 1458
971 1040
971 1429
971 1080
971 1048
971 978
971 979
971 1004
971 1111
971 1140
971 1151
971 1184
971 1208
971 1214
971 1230
971 1244
971 1292
971 1305
971 1329
971 1351
971 1372
971 1478
972 1398
972 1208
972 1460
972 1478
972 1391
972 1417
973 1190
973 1012
973 1044
973 1050
973 978
973 1305
973 1329
973 1436
974 995
974 1269
974 1231
974 1244
976 978
976 989
976 1050
976 1111
976 1152
976 1269
976 1292
976 1178
976 1158
979 1250
979 1244
979 1040
979 1100
979 1217
979 1436
979 1391
979 1368
979 1080
979 980
979 1124
979 1426
979 1025
979 1027
979 1043
979 1471
979 1349
979 1104
979 1277
979 1289
979 1103
979 1161
979 1163
979 1186
979 1196
979 1201
979 1200
979 1204
979 1407
979 1220
979 1474
979 1410
979 1245
979 1450
979 1276
979 1286
979 1398
979 1347
979 1350
979 1351
979 1358
979 1138
979 1457
979 1468
979 1478
979 1230
979 1422
979 1249
979 987
979 1091
979 1305
979 1359
979 1373
979 1120
979 1308
979 1208
979 1050
979 1329
980 1040
980 1348
980 1322
980 1426
980 1176
980 987
980 1020
980 1050
980 1389
980 1244
980 1094
980 1018
980 1373
980 1054
980 1035
980 1091
980 1100
980 1221
980 1474
980 1149
980 1279
980 1294
980 1305
980 1327
980 1147
980 1444
980 1122
980 999
980 1436
981 1428
981 1478
981 1305
981 1436
981 1111
981 1050
981 1477
981 1254
983 1269
987 1244
987 1040
987 1428
987 1050
987 1178
987 1249
987 1462
988 999
988 1050
988 1426
988 995
990 1050
990 1436
991 995
991 1219
991 1152
991 1231
991 1329
991 1249
992 1231
992 1050
992 1316
992 1460
992 1372
992 1458
992 1239
992 1297
992 1329
992 1178
992 1040
992 1111
992 1152
992 1244
992 1276
992 1216
992 1478
993 1044
993 1178
993 1050
994 1152
994 1425
994 1420
994 999
994 1436
997 1047
997 1190
997 1120
997 1090
997 1389
997 1255
997 1305
997 1329
997 1454
999 1044
999 1208
999 1253
999 1037
999 1200
999 1190
999 1475
999 1103
999 1350
999 1322
999 1046
999 1149
999 1474
999 1067
999 1213
999 1035
999 1355
999 1084
999 1166
999 1220
999 1218
999 1051
999 1214
999 1102
999 1453
999 1338
999 1358
999 1388
999 1225
999 1420
999 1309
999 1209
999 1440
999 1488
999 1448
999 1104
999 1107
999 1437
999 1014
999 1425
999 1320
999 1286
999 1064
999 1100
999 1223
999 1386
999 1160
999 1079
999 1471
999 1186
999 1370
999 1123
999 1061
999 1306
999 1087
999 1006
999 1300
999 1486
999 1124
999 1277
999 1345
999 1243
999 1027
999 1270
999 1371
999 1317
999 1405
999 1125
999 1050
999 1478
1000 1047
1000 1356
1002 1152
1002 1244
1002 1111
1002 1429
1002 1478
1002 1147
1002 1434
1002 1437
1002 1079
1002 1486
1003 1120
1003 1044
1003 1050
1003 1151
1003 1231
1003 1244
1003 1221
1003 1222
1003 1149
1003 1269
1003 1316
1003 1020
1003 1054
1003 1152
1003 1111
1006 1268
1006 1080
1006 1345
1006 1052
1006 1208
1006 1184
1006 1091
1006 1007
1006 1436
1007 1100
1007 1391
1007 1208
1007 1216
1008 1027
1008 1488
1008 1153
1008 1214
1008 1244
1008 1300
1008 1345
1008 1350
1008 1358
1008 1485
1008 1320
1008 1250
1009 1329
1009 1244
1009 1194
1009 1040
1009 1050
1009 1054
1009 1111
1009 1269
1009 1454
1009 1378
1012 1050
1012 1152
1012 1100
1012 1244
1012 1351
1013 1040
1014 1050
1014 1269
1014 1044
1014 1171
1014 1356
1014 1158
1014 1152
1014 1407
1014 1244
1014 1329
1014 1436
1017 1111
1019 1111
1019 1062
1019 1040
1019 1085
1019 1152
1019 1244
1019 1380
1019 1329
1019 1316
1019 1133
1019 1436
1019 1477
1019 1478
1020 1147
1020 1054
1023 1478
1023 1345
1023 1050
1023 1436
1023 1488
1023 1171
1023 1066
1024 1111
1025 1250
1025 1050
1025 1054
1027 1040
1027 1244
1027 1255
1027 1462
1027 1249
1027 1388
1027 1250
1027 1050
1027 1178
1030 1040
1030 1231
1030 1050
1030 1044
1030 1152
1030 1085
1030 1305
1030 1269
1030 1111
1030 1460
1030 1329
1030 1436
1030 1190
1030 1244
1030 1383
1030 1127
1030 1356
1030 1054
1035 1040
1035 1244
1035 1121
1035 1269
1035 1267
1035 1268
1035 1111
1035 1068
1035 1133
1035 1050
1035 1152
1036 1408
1036 1200
1036 1333
1036 1162
1036 1184
1036 1221
1036 1273
1036 1213
1036 1064
1036 1191
1036 1209
1036 1087
1036 1488
1036 1320
1036 1245
1036 1405
1036 1061
1037 1163
1037 1190
1037 1050
1037 1120
1037 1305
1037 1329
1037 1336
1039 1319
1039 1062
1039 1120
1039 1050
1039 1389
1039 1196
1039 1111
1039 1064
1039 1222
1039 1244
1039 1305
1039 1190
1039 1324
1039 1417
1039 1460
1039 1163
1039 1436
1040 1050
1040 1231
1040 1269
1040 1276
1040 1244
1040 1373
1040 1161
1040 1100
1040 1217
1040 1422
1040 1120
1040 1163
1040 1477
1040 1178
1040 1085
1040 1111
1040 1208
1040 1222
1040 1380
1040 1305
1040 1316
1040 1460
1040 1462
1040 1249
1040 1481
1040 1329
1040 1221
1040 1152
1040 1351
1040 1143
1040 1478
1040 1201
1040 1391
1040 1268
1040 1102
1040 1210
1040 1421
1040 1347
1043 1151
1043 1068
1043 1222
1043 1244
1043 1152
1044 1050
1044 1190
1044 1218
1044 1475
1044 1111
1044 1329
1044 1428
1044 1305
1044 1178
1046 1324
1046 1216
1046 1066
1046 1152
1046 1190
1046 1149
1046 1398
1046 1094
1046 1478
1046 1047
1046 1178
1046 1244
1046 1050
1046 1276
1046 1208
1046 1090
1046 1171
1046 1214
1046 1100
1046 1460
1046 1305
1046 1316
1046 1477
1046 1446
1046 1157
1046 1178
1046 1050
1046 1190
1046 1149
1046 1398
1046 1094
1046 1478
1046 1047
1046 1324
1046 1244
1046 1152
1046 1276
1046 1208
1046 1090
1046 1171
1046 1214
1046 1100
1046 1460
1046 1305
1046 1316
1046 1477
1046 1446
1046 1157
1047 1152
1047 1100
1047 1478
1047 1444
1047 1208
1047 1050
1047 1428
1047 1231
1047 1111
1047 1305
1047 1244
1047 1080
1047 1171
1047 1268
1047 1269
1047 1327
1047 1048
1047 1267
1047 1178
1047 1054
1047 1194
1047 1094
1047 1373
1047 1091
1047 1221
1048 1120
1048 1163
1048 1481
1048 1208
1048 1100
1048 1478
1050 1244
1050 1462
1050 1316
1050 1163
1050 1100
1050 1152
1050 1249
1050 1276
1050 1221
1050 1477
1050 1178
1050 1066
1050 1085
1050 1133
1050 1389
1050 1436
1050 1428
1050 1460
1050 1054
1050 1111
1050 1062
1050 1165
1050 1147
1050 1190
1050 1269
1050 1305
1050 1324
1050 1336
1050 1417
1050 1151
1050 1222
1051 1094
1051 1062
1051 1080
1051 1416
1051 1090
1051 1091
1051 1100
1051 1152
1051 1171
1051 1208
1051 1230
1051 1244
1051 1417
1051 1446
1051 1478
1051 1436
1051 1052
1052 1080
1052 1171
1052 1111
1052 1410
1052 1327
1052 1462
1052 1316
1052 1100
1052 1329
1052 1231
1052 1419
1052 1429
1052 1214
1053 1214
1053 1329
1053 1054
1053 1244
1053 1184
1053 1389
1053 1460
1053 1436
1053 1269
1053 1208
1053 1231
1053 1477
1053 1395
1053 1478
1053 1305
1053 1426
1053 1410
1053 1151
1053 1316
1053 1163
1053 1104
1054 1436
1054 1147
1054 1428
1054 1477
1054 1305
1054 1462
1054 1316
1054 1460
1054 1178
1054 1244
1054 1221
1054 1151
1054 1121
1054 1111
1054 1478
1054 1163
1056 1057
1056 1436
1057 1436
1060 1178
1060 1085
1060 1111
1060 1121
1060 1152
1060 1222
1060 1231
1060 1239
1060 1244
1060 1269
1060 1305
1060 1316
1060 1329
1060 1417
1060 1436
1060 1478
1061 1329
1061 1152
1061 1244
1061 1208
1061 1436
1061 1250
1061 1327
1062 1178
1062 1324
1062 1120
1062 1208
1062 1222
1062 1230
1062 1249
1062 1265
1062 1269
1062 1305
1062 1329
1062 1336
1062 1429
1062 1436
1062 1460
1062 1462
1062 1477
1064 1443
1064 1162
1064 1408
1064 1140
1064 1123
1064 1152
1064 1195
1064 1403
1064 1459
1067 1436
1068 1111
1068 1305
1069 1436
1070 1163
1071 1454
1075 1122
1075 1244
1075 1410
1075 1202
1075 1276
1076 1297
1076 1244
1079 1327
1080 1436
1080 1478
1080 1152
1080 1244
1080 1111
1080 1222
1080 1359
1080 1163
1080 1208
1080 1447
1080 1249
1080 1171
1080 1230
1081 1454
1081 1100
1081 1143
1081 1149
1081 1196
1081 1309
1081 1183
1082 1178
1082 1454
1082 1244
1082 1329
1082 1269
1082 1389
1084 1208
1087 1151
1087 1329
1087 1478
1087 1178
1087 1152
1087 1221
1087 1231
1087 1244
1087 1111
1087 1121
1087 1184
1087 1269
1087 1276
1087 1292
1087 1436
1089 1111
1090 1190
1090 1324
1090 1398
1090 1111
1090 1120
1090 1329
1090 1428
1090 1094
1090 1417
1090 1152
1090 1305
1091 1329
1091 1327
1091 1100
1091 1165
1091 1163
1091 1208
1091 1244
1091 1478
1091 1217
1091 1149
1091 1444
1092 1250
1092 1152
1092 1171
1094 1159
1094 1217
1095 1436
1095 1398
1095 1152
1095 1214
1095 1244
1095 1393
1095 1478
1095 1111
1095 1121
1100 1347
1100 1152
1100 1316
1100 1244
1100 1481
1100 1329
1100 1400
1100 1351
1100 1210
1100 1121
1100 1478
1100 1305
1100 1250
1100 1113
1100 1391
1100 1190
1100 1368
1100 1398
1100 1120
1100 1143
1100 1373
1100 1367
1100 1426
1100 1349
1100 1111
1100 1165
1100 1155
1100 1195
1100 1178
1100 1196
1100 1389
1100 1208
1100 1214
1100 1407
1100 1231
1100 1474
1100 1149
1100 1276
1100 1300
1100 1157
1100 1243
1100 1319
1100 1322
1100 1344
1100 1345
1100 1355
1100 1359
1100 1370
1100 1417
1100 1434
1100 1435
1100 1458
1100 1460
1100 1462
1102 1400
1102 1477
1102 1478
1102 1152
1102 1111
1102 1151
1102 1171
1102 1244
1102 1268
1102 1324
1102 1398
1102 1190
1102 1407
1102 1417
1102 1462
1102 1436
1102 1454
1102 1120
1102 1163
1102 1336
1102 1218
1103 1111
1103 1152
1103 1244
1103 1269
1103 1276
1103 1292
1103 1305
1103 1329
1103 1336
1103 1347
1103 1190
1103 1407
1103 1462
1103 1458
1103 1460
1103 1477
1103 1478
1103 1436
1103 1158
1105 1436
1105 1398
1105 1336
1105 1351
1105 1458
1105 1292
1107 1178
1107 1152
1107 1436
1107 1460
1107 1408
1107 1194
1107 1171
1107 1471
1107 1123
1107 1134
1107 1145
1107 1162
1107 1166
1107 1189
1107 1221
1107 1230
1107 1383
1107 1249
1107 1206
1107 1286
1107 1294
1107 1307
1107 1309
1107 1319
1107 1345
1107 1351
1107 1417
1107 1419
1107 1435
1107 1440
1107 1443
1107 1467
1108 1178
1108 1222
1108 1249
1108 1422
1108 1380
1111 1244
1111 1267
1111 1428
1111 1436
1111 1147
1111 1454
1111 1269
1111 1190
1111 1222
1112 1152
1112 1454
1112 1436
1112 1147
1112 1269
1112 1389
1112 1316
1112 1478
1114 1436
1114 1231
1114 1244
1114 1249
1114 1149
1114 1268
1114 1305
1114 1329
1114 1477
1114 1478
1115 1217
1116 1276
1116 1231
1116 1389
1116 1152
1116 1324
1116 1436
1120 1163
1122 1478
1122 1327
1123 1178
1123 1436
1124 1178
1124 1152
1124 1244
1124 1329
1124 1196
1124 1389
1124 1214
1124 1149
1124 1274
1124 1305
1124 1417
1124 1413
1124 1462
1124 1478
1124 1269
1124 1359
1124 1250
1124 1436
1125 1436
1125 1327
1125 1488
1125 1134
1125 1440
1125 1191
1126 1269
1127 1244
1127 1478
1127 1152
1127 1194
1127 1454
1127 1268
1128 1231
1129 1158
1129 1300
1129 1153
1129 1327
1129 1214
1130 1228
1132 1250
1132 1178
1132 1184
1132 1158
1132 1267
1132 1268
1132 1389
1132 1428
1132 1422
1132 1407
1132 1151
1134 1437
1134 1152
1134 1478
1134 1460
1134 1171
1134 1208
1134 1244
1134 1255
1134 1276
1134 1305
1134 1436
1134 1458
1134 1477
1134 1190
1134 1151
1134 1222
1134 1245
1134 1249
1134 1286
1134 1336
1134 1429
1134 1434
1134 1462
1134 1196
1134 1160
1134 1221
1134 1316
1134 1327
1134 1328
1134 1345
1134 1347
1134 1356
1134 1384
1134 1332
1134 1472
1139 1305
1139 1269
1139 1329
1139 1178
1140 1208
1140 1327
1140 1329
1140 1444
1140 1478
1143 1149
1143 1196
1143 1165
1143 1221
1145 1421
1145 1171
1145 1363
1148 1460
1148 1178
1149 1171
1149 1305
1149 1152
1149 1478
1149 1444
1149 1208
1149 1244
1149 1460
1149 1210
1149 1391
1149 1222
1149 1477
1149 1400
1149 1176
1149 1436
1149 1196
1151 1316
1151 1221
1151 1222
1151 1429
1151 1454
1151 1460
1151 1462
1151 1477
1151 1178
1152 1418
1152 1316
1152 1481
1152 1460
1152 1171
1152 1478
1152 1178
1152 1244
1152 1444
1152 1263
1153 1305
1153 1383
1154 1329
1154 1269
1158 1292
1160 1462
1160 1249
1160 1190
1160 1436
1160 1222
1160 1230
1160 1244
1160 1276
1160 1316
1160 1324
1160 1336
1160 1329
1160 1178
1160 1428
1160 1477
1160 1478
1161 1373
1161 1269
1161 1169
1161 1424
1161 1455
1161 1276
1161 1460
1161 1163
1161 1389
1161 1244
1161 1249
1161 1305
1161 1316
1161 1329
1161 1336
1161 1462
1162 1184
1162 1470
1162 1426
1162 1478
1162 1462
1162 1221
1162 1171
1162 1437
1163 1477
1163 1316
1163 1329
1163 1178
1164 1307
1165 1436
1165 1462
1165 1244
1165 1477
1165 1178
1165 1478
1165 1190
1165 1458
1166 1407
1166 1436
1167 1244
1167 1178
1167 1305
1167 1269
1171 1478
1171 1208
1171 1333
1171 1327
1171 1417
1171 1347
1171 1391
1171 1460
1171 1345
1171 1244
1171 1356
1171 1214
1171 1428
1171 1230
1171 1444
1171 1436
1174 1345
1176 1249
1176 1190
1176 1478
1176 1221
1176 1391
1176 1426
1176 1178
1176 1196
1176 1389
1176 1204
1176 1383
1176 1231
1176 1244
1176 1274
1176 1294
1176 1300
1176 1305
1176 1316
1176 1355
1176 1388
1176 1428
1176 1434
1176 1436
1176 1462
1178 1462
1178 1454
1179 1244
1184 1231
1184 1478
1184 1269
1184 1329
1184 1214
1184 1333
1184 1351
1184 1458
1184 1320
1184 1454
1184 1389
1184 1204
1184 1208
1184 1221
1184 1222
1184 1230
1184 1237
1184 1244
1184 1276
1184 1292
1184 1305
1184 1243
1184 1338
1184 1316
1184 1391
1184 1255
1184 1417
1184 1436
1184 1460
1184 1398
1184 1336
1184 1428
1184 1434
1185 1377
1186 1398
1186 1213
1186 1230
1186 1255
1186 1257
1186 1267
1186 1292
1186 1305
1186 1316
1186 1327
1186 1329
1186 1359
1186 1417
1186 1389
1186 1429
1186 1434
1186 1436
1186 1454
1186 1460
1186 1462
1186 1475
1186 1477
1190 1305
1190 1398
1190 1460
1190 1436
1190 1477
1190 1214
1190 1417
1190 1428
1190 1356
1190 1317
1190 1194
1190 1421
1190 1324
1190 1222
1190 1336
1190 1355
1190 1329
1190 1257
1191 1244
1191 1269
1191 1436
1191 1329
1191 1428
1191 1268
1191 1295
1191 1197
1191 1478
1193 1269
1193 1305
1193 1244
1193 1300
1194 1244
1194 1478
1194 1426
1194 1269
1194 1462
1194 1436
1198 1327
1198 1295
1198 1347
1198 1410
1199 1477
1199 1216
1199 1231
1199 1244
1199 1276
1199 1294
1199 1359
1199 1436
1199 1462
1199 1445
1199 1413
1199 1460
1199 1478
1200 1436
1200 1333
1201 1244
1201 1250
1201 1216
1201 1231
1201 1269
1201 1478
1201 1243
1202 1329
1202 1436
1203 1244
1204 1305
1204 1250
1208 1478
1208 1460
1208 1329
1208 1249
1208 1230
1208 1350
1208 1391
1208 1400
1208 1359
1208 1462
1208 1222
1208 1305
1208 1244
1208 1316
1208 1477
1208 1417
1208 1380
1208 1276
1210 1460
1210 1478
1210 1428
1210 1316
1210 1436
1212 1356
1213 1432
1213 1436
1213 1305
1213 1316
1213 1460
1213 1217
1213 1329
1213 1244
1213 1462
1213 1249
1213 1359
1213 1327
1213 1478
1213 1477
1214 1244
1214 1478
1214 1347
1214 1410
1214 1398
1214 1368
1214 1426
1214 1216
1214 1383
1214 1348
1214 1351
1214 1355
1214 1413
1214 1407
1214 1435
1214 1436
1214 1453
1216 1276
1216 1222
1216 1230
1216 1231
1216 1244
1216 1269
1216 1305
1216 1316
1216 1329
1216 1458
1216 1460
1216 1478
1217 1327
1218 1244
1219 1478
1219 1337
1219 1436
1220 1269
1220 1407
1220 1243
1221 1269
1221 1477
1221 1244
1221 1267
1221 1389
1221 1462
1221 1459
1221 1222
1221 1231
1221 1249
1221 1305
1221 1316
1221 1329
1221 1417
1221 1428
1221 1460
1221 1478
1222 1244
1222 1462
1222 1276
1222 1428
1222 1477
1222 1324
1222 1269
1222 1249
1222 1329
1222 1460
1222 1336
1222 1434
1222 1389
1222 1412
1222 1417
1222 1436
1222 1380
1222 1305
1222 1458
1225 1244
1225 1316
1225 1454
1226 1431
1226 1320
1226 1231
1226 1244
1226 1268
1226 1243
1226 1435
1226 1441
1230 1391
1230 1426
1230 1400
1230 1474
1230 1245
1230 1380
1230 1249
1230 1255
1230 1297
1230 1305
1230 1416
1230 1329
1230 1338
1230 1398
1230 1347
1230 1355
1230 1419
1230 1460
1230 1478
1231 1372
1231 1269
1231 1244
1231 1458
1231 1329
1231 1305
1233 1407
1235 1244
1235 1292
1235 1305
1235 1474
1235 1276
1235 1460
1235 1478
1235 1477
1235 1269
1235 1249
1235 1436
1235 1462
1235 1300
1235 1411
1235 1329
1237 1249
1237 1244
1237 1436
1237 1460
1237 1269
1238 1249
1238 1244
1238 1436
1238 1460
1238 1269
1243 1305
1243 1368
1243 1347
1243 1343
1243 1276
1243 1309
1243 1428
1244 1269
1244 1305
1244 1316
1244 1329
1244 1428
1245 1454
1245 1269
1245 1462
1245 1316
1245 1478
1245 1428
1245 1305
1245 1417
1245 1436
1245 1460
1245 1338
1245 1263
1245 1391
1245 1347
1245 1265
1245 1372
1245 1359
1245 1412
1245 1477
1245 1410
1245 1274
1245 1481
1248 1329
1248 1436
1248 1319
1248 1389
1249 1462
1249 1380
1249 1305
1249 1359
1249 1391
1249 1412
1249 1460
1249 1478
1251 1401
1251 1270
1251 1324
1251 1478
1252 1329
1252 1359
1252 1460
1252 1462
1254 1478
1256 1327
1256 1478
1256 1460
1256 1444
1257 1305
1257 1324
1258 1259
1261 1402
1262 1478
1263 1319
1265 1324
1267 1428
1268 1478
1268 1460
1268 1276
1270 1329
1270 1436
1272 1444
1272 1410
1272 1327
1273 1428
1273 1305
1273 1410
1273 1454
1273 1478
1274 1407
1274 1276
1274 1286
1275 1292
1275 1462
1276 1319
1276 1380
1276 1460
1276 1305
1276 1477
1276 1458
1276 1478
1276 1324
1277 1436
1279 1316
1279 1477
1281 1478
1281 1410
1281 1317
1281 1434
1281 1359
1281 1407
1281 1436
1285 1347
1285 1478
1285 1316
1286 1436
1290 1454
1294 1347
1294 1308
1295 1345
1295 1327
1295 1417
1295 1454
1300 1436
1302 1454
1305 1462
1306 1436
1307 1459
1308 1429
1309 1436
1312 1428
1312 1426
1312 1329
1312 1355
1312 1460
1312 1462
1312 1436
1316 1462
1316 1460
1316 1477
1316 1380
1317 1421
1317 1436
1319 1347
1319 1358
1319 1429
1319 1336
1319 1329
1319 1389
1319 1436
1320 1436
1320 1327
1322 1436
1324 1329
1324 1336
1324 1391
1324 1436
1324 1429
1324 1460
1324 1462
1324 1477
1324 1478
1325 1417
1325 1429
1325 1462
1325 1329
1325 1359
1327 1345
1327 1478
1327 1410
1327 1444
1327 1417
1328 1434
1328 1407
1328 1351
1328 1436
1328 1460
1328 1477
1328 1478
1328 1359
1328 1462
1328 1429
1328 1329
1328 1454
1332 1462
1332 1460
1333 1478
1333 1462
1333 1380
1334 1460
1338 1454
1338 1428
1338 1458
1344 1478
1344 1393
1345 1436
1345 1488
1347 1413
1347 1426
1350 1391
1350 1478
1350 1410
1350 1460
1351 1454
1351 1436
1351 1460
1351 1478
1354 1478
1358 1436
1359 1462
1359 1412
1359 1436
1361 1478
1361 1436
1361 1477
1361 1474
1361 1454
1363 1478
1363 1488
1363 1401
1363 1365
1363 1436
1365 1486
1368 1435
1368 1398
1368 1436
1371 1436
1372 1458
1372 1460
1373 1426
1373 1428
1373 1478
1373 1460
1373 1398
1374 1436
1380 1462
1380 1428
1380 1477
1380 1460
1381 1428
1382 1478
1382 1410
1383 1398
1383 1389
1383 1413
1383 1391
1383 1393
1383 1394
1383 1400
1383 1407
1383 1412
1383 1417
1383 1436
1383 1421
1383 1422
1383 1454
1383 1458
1383 1478
1389 1481
1389 1455
1389 1417
1391 1478
1391 1460
1392 1436
1393 1398
1393 1460
1394 1458
1400 1477
1400 1428
1400 1460
1401 1407
1405 1436
1406 1454
1406 1462
1406 1460
1407 1456
1407 1453
1407 1422
1408 1428
1409 1428
1409 1462
1409 1416
1409 1457
1409 1460
1410 1458
1410 1419
1410 1417
1411 1478
1411 1460
1412 1417
1412 1462
1413 1478
1417 1428
1418 1478
1418 1477
1419 1443
1420 1488
1424 1455
1424 1436
1426 1478
1426 1444
1426 1460
1426 1462
1426 1429
1426 1477
1426 1436
1428 1460
1428 1429
1429 1460
1430 1437
1430 1478
1430 1436
1431 1478
1431 1462
1434 1478
1437 1488
1437 1478
1438 1462
1438 1477
1444 1478
1448 1478
1450 1462
1450 1460
1450 1478
1458 1460
1458 1462
1458 1478
1458 1477
1459 1478
1460 1477
1460 1462
1487 1488
