0 0
1 0
4 0
5 0
7 0
8 0
9 0
10 0
11 0
12 0
13 0
14 0
15 0
16 0
17 0
18 0
19 0
20 0
21 0
22 0
23 0
25 0
26 0
27 0
28 0
30 0
31 0
32 0
33 0
34 0
35 0
37 0
39 0
40 0
41 0
42 0
44 0
45 0
46 0
51 0
52 0
54 0
55 0
57 0
63 0
64 0
65 0
67 0
68 0
69 0
71 0
72 0
74 0
75 0
76 0
77 0
78 0
79 0
80 0
81 0
82 0
83 0
84 0
85 0
86 0
88 0
89 0
91 0
92 0
94 0
95 0
96 0
97 0
98 0
99 0
100 0
101 0
102 0
106 0
108 0
109 0
112 0
113 0
114 0
115 0
116 0
117 0
118 0
120 0
122 0
123 0
124 0
127 0
129 0
131 0
132 0
135 0
136 0
137 0
139 0
140 0
141 0
142 0
143 0
144 0
146 0
148 0
149 0
150 0
151 0
153 0
154 0
155 0
156 0
157 0
158 0
159 0
161 0
162 0
164 0
165 0
166 0
167 0
169 0
171 0
172 0
174 0
176 0
177 0
178 0
179 0
180 0
181 0
183 0
184 0
185 0
186 0
187 0
188 0
189 0
190 0
191 0
192 0
193 0
197 0
201 0
202 0
203 0
204 0
206 0
208 0
209 0
210 0
212 0
215 0
216 0
217 0
218 0
219 0
221 0
222 0
223 0
224 0
226 0
228 0
229 0
232 0
234 0
236 0
237 0
238 0
240 0
242 0
243 0
244 0
247 0
248 0
249 0
252 0
254 0
255 0
256 0
258 0
261 0
263 0
266 0
267 0
268 0
271 0
272 0
273 0
274 0
275 0
276 0
277 0
279 0
280 0
281 0
282 0
283 0
286 0
287 0
288 0
289 0
291 0
292 0
294 0
295 0
296 0
297 0
298 0
299 0
300 0
302 0
304 0
306 0
307 0
308 0
309 0
310 0
311 0
312 0
313 0
314 0
315 0
316 0
320 0
322 0
324 0
325 0
326 0
327 0
328 0
330 0
331 0
332 0
334 0
336 0
337 0
340 0
343 0
344 0
346 0
348 0
349 0
350 0
351 0
352 0
355 0
356 0
357 0
359 0
360 0
362 0
363 0
364 0
366 0
367 0
369 0
370 0
372 0
373 0
376 0
377 0
378 0
379 0
380 0
382 0
383 0
384 0
386 0
387 0
388 0
389 0
390 0
392 0
393 0
395 0
396 0
398 0
399 0
400 0
401 0
402 0
404 0
405 0
408 0
409 0
410 0
413 0
414 0
415 0
416 0
417 0
418 0
419 0
420 0
421 0
423 0
425 0
426 0
427 0
430 0
431 0
433 0
435 0
436 0
437 0
438 0
439 0
440 0
441 0
442 0
443 0
444 0
445 0
447 0
448 0
449 0
450 0
451 0
452 0
453 0
459 0
460 0
461 0
464 0
465 0
466 0
467 0
468 0
469 0
470 0
471 0
473 0
474 0
476 0
478 0
479 0
480 0
482 0
483 0
486 0
487 0
488 0
489 0
491 0
492 0
493 0
494 0
496 0
497 0
498 0
499 0
500 0
502 0
503 0
504 0
505 0
506 0
507 0
508 0
510 0
511 0
512 0
513 0
514 0
516 0
517 0
518 0
520 0
523 0
526 0
529 0
531 0
533 0
534 0
535 0
536 0
537 0
538 0
540 0
542 0
543 0
546 0
547 0
548 0
549 0
550 0
552 0
553 0
554 0
555 0
558 0
559 0
560 0
561 0
562 0
563 0
565 0
566 0
567 0
569 0
571 0
572 0
573 0
574 0
576 0
577 0
578 0
579 0
582 0
583 0
584 0
586 0
587 0
588 0
589 0
590 0
594 0
595 0
596 0
597 0
599 0
601 0
602 0
603 0
604 0
608 0
609 0
611 0
613 0
614 0
616 0
617 0
618 0
619 0
620 0
621 0
622 0
623 0
624 0
625 0
630 0
633 0
634 0
636 0
639 0
640 0
641 0
642 0
643 0
644 0
645 0
646 0
647 0
648 0
649 0
650 0
651 0
652 0
653 0
654 0
656 0
658 0
659 0
660 0
661 0
663 0
665 0
666 0
668 0
670 0
673 0
674 0
675 0
676 0
678 0
679 0
680 0
681 0
684 0
685 0
686 0
687 0
688 0
689 0
690 0
692 0
693 0
698 0
699 0
700 0
701 0
702 0
707 0
708 0
710 0
711 0
712 0
713 0
714 0
716 0
717 0
719 0
720 0
724 0
725 0
726 0
728 0
729 0
730 0
734 0
735 0
736 0
737 0
740 0
742 0
743 0
744 0
746 0
748 0
753 0
754 0
755 0
757 0
759 1
760 1
761 1
762 1
763 1
764 1
765 1
766 1
767 1
770 1
771 1
772 1
773 1
774 1
775 1
776 1
777 1
778 1
780 1
781 1
783 1
785 1
786 1
787 1
789 1
790 1
791 1
792 1
795 1
796 1
797 1
800 1
801 1
802 1
803 1
804 1
805 1
806 1
807 1
808 1
809 1
810 1
811 1
812 1
813 1
814 1
815 1
816 1
817 1
818 1
819 1
820 1
821 1
822 1
823 1
825 1
826 1
827 1
828 1
829 1
830 1
832 1
834 1
835 1
836 1
837 1
838 1
839 1
840 1
841 1
842 1
845 1
846 1
849 1
850 1
851 1
853 1
854 1
855 1
856 1
857 1
858 1
859 1
860 1
861 1
862 1
863 1
864 1
868 1
869 1
870 1
871 1
872 1
873 1
874 1
875 1
877 1
878 1
879 1
880 1
881 1
882 1
883 1
884 1
885 1
886 1
887 1
888 1
889 1
890 1
891 1
892 1
893 1
894 1
895 1
896 1
897 1
898 1
899 1
900 1
902 1
903 1
906 1
907 1
908 1
910 1
911 1
912 1
913 1
914 1
915 1
917 1
918 1
919 1
920 1
921 1
924 1
925 1
926 1
929 1
930 1
931 1
932 1
933 1
934 1
935 1
936 1
937 1
938 1
939 1
940 1
941 1
942 1
943 1
945 1
946 1
948 1
949 1
950 1
951 1
952 1
953 1
954 1
955 1
957 1
958 1
959 1
960 1
961 1
962 1
963 1
964 1
965 1
966 1
967 1
969 1
970 1
971 1
972 1
973 1
974 1
976 1
978 1
979 1
980 1
981 1
983 1
986 1
987 1
988 1
989 1
990 1
991 1
992 1
993 1
994 1
995 1
997 1
999 1
1000 1
1002 1
1003 1
1004 1
1005 1
1006 1
1007 1
1008 1
1009 1
1012 1
1013 1
1014 1
1016 1
1017 1
1018 1
1019 1
1020 1
1023 1
1024 1
1025 1
1027 1
1029 1
1030 1
1033 1
1035 1
1036 1
1037 1
1039 1
1040 1
1043 1
1044 1
1046 1
1047 1
1048 1
1050 1
1051 1
1052 1
1053 1
1054 1
1056 1
1057 1
1059 1
1060 1
1061 1
1062 1
1063 1
1064 1
1066 1
1067 1
1068 1
1069 1
1070 1
1071 1
1074 1
1075 1
1076 1
1079 1
1080 1
1081 1
1082 1
1083 1
1084 1
1085 1
1086 1
1087 1
1088 1
1089 1
1090 1
1091 1
1092 1
1094 1
1095 1
1096 1
1098 1
1099 1
1100 1
1101 1
1102 1
1103 1
1104 1
1105 1
1107 1
1108 1
1111 1
1112 1
1113 1
1114 1
1115 1
1116 1
1120 1
1121 1
1122 1
1123 1
1124 1
1125 1
1126 1
1127 1
1128 1
1129 1
1130 1
1132 1
1133 1
1134 1
1135 1
1138 1
1139 1
1140 1
1143 1
1144 1
1145 1
1147 1
1148 1
1149 1
1151 1
1152 1
1153 1
1154 1
1155 1
1156 1
1157 1
1158 1
1159 1
1160 1
1161 1
1162 1
1163 1
1164 1
1165 1
1166 1
1167 1
1168 1
1169 1
1171 1
1174 1
1176 1
1177 1
1178 1
1179 1
1181 1
1182 1
1183 1
1184 1
1185 1
1186 1
1187 1
1189 1
1190 1
1191 1
1193 1
1194 1
1195 1
1196 1
1197 1
1198 1
1199 1
1200 1
1201 1
1202 1
1203 1
1204 1
1205 1
1206 1
1208 1
1209 1
1210 1
1212 1
1213 1
1214 1
1216 1
1217 1
1218 1
1219 1
1220 1
1221 1
1222 1
1223 1
1224 1
1225 1
1226 1
1228 1
1230 1
1231 1
1232 1
1233 1
1235 1
1237 1
1238 1
1239 1
1241 1
1243 1
1244 1
1245 1
1248 1
1249 1
1250 1
1251 1
1252 1
1253 1
1254 1
1255 1
1256 1
1257 1
1258 1
1259 1
1261 1
1262 1
1263 1
1264 1
1265 1
1267 1
1268 1
1269 1
1270 1
1272 1
1273 1
1274 1
1275 1
1276 1
1277 1
1279 1
1280 1
1281 1
1285 1
1286 1
1289 1
1290 1
1292 1
1294 1
1295 1
1296 1
1297 1
1299 1
1300 1
1302 1
1303 1
1304 1
1305 1
1306 1
1307 1
1308 1
1309 1
1312 1
1314 1
1316 1
1317 1
1319 1
1320 1
1321 1
1322 1
1324 1
1325 1
1327 1
1328 1
1329 1
1330 1
1331 1
1332 1
1333 1
1334 1
1335 1
1336 1
1337 1
1338 1
1339 1
1342 1
1343 1
1344 1
1345 1
1347 1
1348 1
1349 1
1350 1
1351 1
1352 1
1354 1
1355 1
1356 1
1358 1
1359 1
1361 1
1363 1
1365 1
1366 1
1367 1
1368 1
1370 1
1371 1
1372 1
1373 1
1374 1
1376 1
1377 1
1378 1
1379 1
1380 1
1381 1
1382 1
1383 1
1384 1
1386 1
1388 1
1389 1
1390 1
1391 1
1392 1
1393 1
1394 1
1395 1
1398 1
1400 1
1401 1
1402 1
1403 1
1405 1
1406 1
1407 1
1408 1
1409 1
1410 1
1411 1
1412 1
1413 1
1414 1
1415 1
1416 1
1417 1
1418 1
1419 1
1420 1
1421 1
1422 1
1424 1
1425 1
1426 1
1427 1
1428 1
1429 1
1430 1
1431 1
1432 1
1434 1
1435 1
1436 1
1437 1
1438 1
1440 1
1441 1
1443 1
1444 1
1445 1
1446 1
1447 1
1448 1
1450 1
1453 1
1454 1
1455 1
1456 1
1457 1
1458 1
1459 1
1460 1
1462 1
1466 1
1467 1
1468 1
1469 1
1470 1
1471 1
1472 1
1473 1
1474 1
1475 1
1476 1
1477 1
1478 1
1481 1
1484 1
1485 1
1486 1
1487 1
1488 1
