1107 2
1213 -0.95149126544976459 0.95149126544976459
1377 -0.95149126544976459 0.95149126544976459
1199 -0.95149126544976459 0.95149126544976459
1200 -0.95149126544976459 0.95149126544976459
1201 -0.95149126544976459 0.95149126544976459
1202 -0.95149126544976459 0.95149126544976459
1203 -0.95149126544976459 0.95149126544976459
1204 -0.95149126544976459 0.95149126544976459
1205 -0.95149126544976459 0.95149126544976459
972 -0.95149126544976459 0.95149126544976459
1379 -0.95149126544976459 0.95149126544976459
1208 -0.95149126544976459 0.95149126544976459
1209 -0.95149126544976459 0.95149126544976459
1155 -0.95149126544976459 0.95149126544976459
1334 -0.95149126544976459 0.95149126544976459
1335 -0.95149126544976459 0.95149126544976459
1336 -0.95149126544976459 0.95149126544976459
1337 -0.95149126544976459 0.95149126544976459
1330 -0.95149126544976459 0.95149126544976459
1048 -0.95149126544976459 0.95149126544976459
89 1.0509817970081998 -1.0509817970082003
88 1.0509817970081998 -1.0509817970082003
86 1.0509817970081998 -1.0509817970082003
85 1.0509817970081998 -1.0509817970082003
84 1.0509817970081998 -1.0509817970082003
83 1.0509817970081998 -1.0509817970082003
82 1.0509817970081998 -1.0509817970082003
81 1.0509817970081998 -1.0509817970082003
80 1.0509817970081998 -1.0509817970082003
1447 -0.95149126544976459 0.95149126544976459
1280 -0.95149126544976459 0.95149126544976459
1474 -0.95149126544976459 0.95149126544976459
1218 -0.95149126544976459 0.95149126544976459
1043 -0.95149126544976459 0.95149126544976459
1444 -0.95149126544976459 0.95149126544976459
1157 -0.95149126544976459 0.95149126544976459
602 1.0509817970081998 -1.0509817970082003
603 1.0509817970081998 -1.0509817970082003
601 1.0509817970081998 -1.0509817970082003
604 1.0509817970081998 -1.0509817970082003
1177 -0.95149126544976459 0.95149126544976459
702 1.0509817970081998 -1.0509817970082003
608 1.0509817970081998 -1.0509817970082003
609 1.0509817970081998 -1.0509817970082003
707 1.0509817970081998 -1.0509817970082003
1445 -0.95149126544976459 0.95149126544976459
7 1.0509817970081998 -1.0509817970082003
1068 -0.95149126544976459 0.95149126544976459
1069 -0.95149126544976459 0.95149126544976459
819 -0.95149126544976459 0.95149126544976459
818 -0.95149126544976459 0.95149126544976459
1039 -0.95149126544976459 0.95149126544976459
1206 -0.95149126544976459 0.95149126544976459
813 -0.95149126544976459 0.95149126544976459
812 -0.95149126544976459 0.95149126544976459
811 -0.95149126544976459 0.95149126544976459
810 -0.95149126544976459 0.95149126544976459
817 -0.95149126544976459 0.95149126544976459
816 -0.95149126544976459 0.95149126544976459
815 -0.95149126544976459 0.95149126544976459
814 -0.95149126544976459 0.95149126544976459
1459 -0.95149126544976459 0.95149126544976459
1331 -0.95149126544976459 0.95149126544976459
459 1.0509817970081998 -1.0509817970082003
453 1.0509817970081998 -1.0509817970082003
452 1.0509817970081998 -1.0509817970082003
451 1.0509817970081998 -1.0509817970082003
450 1.0509817970081998 -1.0509817970082003
845 -0.95149126544976459 0.95149126544976459
970 -0.95149126544976459 0.95149126544976459
135 1.0509817970081998 -1.0509817970082003
349 1.0509817970081998 -1.0509817970082003
348 1.0509817970081998 -1.0509817970082003
974 -0.95149126544976459 0.95149126544976459
131 1.0509817970081998 -1.0509817970082003
132 1.0509817970081998 -1.0509817970082003
1054 -0.95149126544976459 0.95149126544976459
343 1.0509817970081998 -1.0509817970082003
979 -0.95149126544976459 0.95149126544976459
340 1.0509817970081998 -1.0509817970082003
346 1.0509817970081998 -1.0509817970082003
344 1.0509817970081998 -1.0509817970082003
1297 -0.95149126544976459 0.95149126544976459
1296 -0.95149126544976459 0.95149126544976459
63 1.0509817970081998 -1.0509817970082003
1294 -0.95149126544976459 0.95149126544976459
65 1.0509817970081998 -1.0509817970082003
64 1.0509817970081998 -1.0509817970082003
67 1.0509817970081998 -1.0509817970082003
978 -0.95149126544976459 0.95149126544976459
69 1.0509817970081998 -1.0509817970082003
68 1.0509817970081998 -1.0509817970082003
934 -0.95149126544976459 0.95149126544976459
902 -0.95149126544976459 0.95149126544976459
153 1.0509817970081998 -1.0509817970082003
1299 -0.95149126544976459 0.95149126544976459
531 1.0509817970081998 -1.0509817970082003
1448 -0.95149126544976459 0.95149126544976459
533 1.0509817970081998 -1.0509817970082003
534 1.0509817970081998 -1.0509817970082003
535 1.0509817970081998 -1.0509817970082003
536 1.0509817970081998 -1.0509817970082003
537 1.0509817970081998 -1.0509817970082003
538 1.0509817970081998 -1.0509817970082003
1115 -0.95149126544976459 0.95149126544976459
1116 -0.95149126544976459 0.95149126544976459
1441 -0.95149126544976459 0.95149126544976459
1446 -0.95149126544976459 0.95149126544976459
1111 -0.95149126544976459 0.95149126544976459
1112 -0.95149126544976459 0.95149126544976459
1113 -0.95149126544976459 0.95149126544976459
1281 -0.95149126544976459 0.95149126544976459
1332 -0.95149126544976459 0.95149126544976459
1333 -0.95149126544976459 0.95149126544976459
908 -0.95149126544976459 0.95149126544976459
1355 -0.95149126544976459 0.95149126544976459
1174 -0.95149126544976459 0.95149126544976459
868 -0.95149126544976459 0.95149126544976459
1096 -0.95149126544976459 0.95149126544976459
940 -0.95149126544976459 0.95149126544976459
1338 -0.95149126544976459 0.95149126544976459
1351 -0.95149126544976459 0.95149126544976459
1339 -0.95149126544976459 0.95149126544976459
1473 -0.95149126544976459 0.95149126544976459
1472 -0.95149126544976459 0.95149126544976459
1471 -0.95149126544976459 0.95149126544976459
1470 -0.95149126544976459 0.95149126544976459
1477 -0.95149126544976459 0.95149126544976459
1476 -0.95149126544976459 0.95149126544976459
1475 -0.95149126544976459 0.95149126544976459
999 -0.95149126544976459 0.95149126544976459
997 -0.95149126544976459 0.95149126544976459
994 -0.95149126544976459 0.95149126544976459
995 -0.95149126544976459 0.95149126544976459
992 -0.95149126544976459 0.95149126544976459
993 -0.95149126544976459 0.95149126544976459
827 -0.95149126544976459 0.95149126544976459
869 -0.95149126544976459 0.95149126544976459
1279 -0.95149126544976459 0.95149126544976459
834 -0.95149126544976459 0.95149126544976459
1270 -0.95149126544976459 0.95149126544976459
1273 -0.95149126544976459 0.95149126544976459
1272 -0.95149126544976459 0.95149126544976459
1275 -0.95149126544976459 0.95149126544976459
837 -0.95149126544976459 0.95149126544976459
1277 -0.95149126544976459 0.95149126544976459
1276 -0.95149126544976459 0.95149126544976459
1389 -0.95149126544976459 0.95149126544976459
797 -0.95149126544976459 0.95149126544976459
1033 -0.95149126544976459 0.95149126544976459
790 -0.95149126544976459 0.95149126544976459
1060 -0.95149126544976459 0.95149126544976459
886 -0.95149126544976459 0.95149126544976459
791 -0.95149126544976459 0.95149126544976459
921 -0.95149126544976459 0.95149126544976459
792 -0.95149126544976459 0.95149126544976459
1322 -0.95149126544976459 0.95149126544976459
1370 -0.95149126544976459 0.95149126544976459
224 1.0509817970081998 -1.0509817970082003
1372 -0.95149126544976459 0.95149126544976459
1320 -0.95149126544976459 0.95149126544976459
1374 -0.95149126544976459 0.95149126544976459
1376 -0.95149126544976459 0.95149126544976459
953 -0.95149126544976459 0.95149126544976459
1061 -0.95149126544976459 0.95149126544976459
1327 -0.95149126544976459 0.95149126544976459
887 -0.95149126544976459 0.95149126544976459
226 1.0509817970081998 -1.0509817970082003
1391 -0.95149126544976459 0.95149126544976459
951 -0.95149126544976459 0.95149126544976459
839 -0.95149126544976459 0.95149126544976459
221 1.0509817970081998 -1.0509817970082003
954 -0.95149126544976459 0.95149126544976459
95 1.0509817970081998 -1.0509817970082003
880 -0.95149126544976459 0.95149126544976459
955 -0.95149126544976459 0.95149126544976459
1329 -0.95149126544976459 0.95149126544976459
1 1.0509817970081998 -1.0509817970082003
1132 -0.95149126544976459 0.95149126544976459
1328 -0.95149126544976459 0.95149126544976459
1133 -0.95149126544976459 0.95149126544976459
1221 -0.95149126544976459 0.95149126544976459
1319 -0.95149126544976459 0.95149126544976459
185 1.0509817970081998 -1.0509817970082003
184 1.0509817970081998 -1.0509817970082003
187 1.0509817970081998 -1.0509817970082003
186 1.0509817970081998 -1.0509817970082003
181 1.0509817970081998 -1.0509817970082003
180 1.0509817970081998 -1.0509817970082003
183 1.0509817970081998 -1.0509817970082003
872 -0.95149126544976459 0.95149126544976459
189 1.0509817970081998 -1.0509817970082003
188 1.0509817970081998 -1.0509817970082003
1257 -0.95149126544976459 0.95149126544976459
206 1.0509817970081998 -1.0509817970082003
826 -0.95149126544976459 0.95149126544976459
204 1.0509817970081998 -1.0509817970082003
202 1.0509817970081998 -1.0509817970082003
203 1.0509817970081998 -1.0509817970082003
309 1.0509817970081998 -1.0509817970082003
201 1.0509817970081998 -1.0509817970082003
307 1.0509817970081998 -1.0509817970082003
306 1.0509817970081998 -1.0509817970082003
304 1.0509817970081998 -1.0509817970082003
1467 -0.95149126544976459 0.95149126544976459
302 1.0509817970081998 -1.0509817970082003
208 1.0509817970081998 -1.0509817970082003
209 1.0509817970081998 -1.0509817970082003
178 1.0509817970081998 -1.0509817970082003
179 1.0509817970081998 -1.0509817970082003
1064 -0.95149126544976459 0.95149126544976459
825 -0.95149126544976459 0.95149126544976459
882 -0.95149126544976459 0.95149126544976459
1420 -0.95149126544976459 0.95149126544976459
859 -0.95149126544976459 0.95149126544976459
858 -0.95149126544976459 0.95149126544976459
857 -0.95149126544976459 0.95149126544976459
171 1.0509817970081998 -1.0509817970082003
172 1.0509817970081998 -1.0509817970082003
854 -0.95149126544976459 0.95149126544976459
174 1.0509817970081998 -1.0509817970082003
1138 -0.95149126544976459 0.95149126544976459
176 1.0509817970081998 -1.0509817970082003
177 1.0509817970081998 -1.0509817970082003
1158 -0.95149126544976459 0.95149126544976459
1159 -0.95149126544976459 0.95149126544976459
929 -0.95149126544976459 0.95149126544976459
1012 -0.95149126544976459 0.95149126544976459
299 1.0509817970081998 -1.0509817970082003
298 1.0509817970081998 -1.0509817970082003
1017 -0.95149126544976459 0.95149126544976459
1016 -0.95149126544976459 0.95149126544976459
295 1.0509817970081998 -1.0509817970082003
294 1.0509817970081998 -1.0509817970082003
297 1.0509817970081998 -1.0509817970082003
296 1.0509817970081998 -1.0509817970082003
291 1.0509817970081998 -1.0509817970082003
926 -0.95149126544976459 0.95149126544976459
925 -0.95149126544976459 0.95149126544976459
292 1.0509817970081998 -1.0509817970082003
1250 -0.95149126544976459 0.95149126544976459
28 1.0509817970081998 -1.0509817970082003
419 1.0509817970081998 -1.0509817970082003
418 1.0509817970081998 -1.0509817970082003
417 1.0509817970081998 -1.0509817970082003
416 1.0509817970081998 -1.0509817970082003
415 1.0509817970081998 -1.0509817970082003
414 1.0509817970081998 -1.0509817970082003
413 1.0509817970081998 -1.0509817970082003
20 1.0509817970081998 -1.0509817970082003
23 1.0509817970081998 -1.0509817970082003
410 1.0509817970081998 -1.0509817970082003
569 1.0509817970081998 -1.0509817970082003
1089 -0.95149126544976459 0.95149126544976459
1450 -0.95149126544976459 0.95149126544976459
563 1.0509817970081998 -1.0509817970082003
562 1.0509817970081998 -1.0509817970082003
561 1.0509817970081998 -1.0509817970082003
308 1.0509817970081998 -1.0509817970082003
567 1.0509817970081998 -1.0509817970082003
566 1.0509817970081998 -1.0509817970082003
565 1.0509817970081998 -1.0509817970082003
1085 -0.95149126544976459 0.95149126544976459
950 -0.95149126544976459 0.95149126544976459
961 -0.95149126544976459 0.95149126544976459
960 -0.95149126544976459 0.95149126544976459
1121 -0.95149126544976459 0.95149126544976459
1120 -0.95149126544976459 0.95149126544976459
1123 -0.95149126544976459 0.95149126544976459
1122 -0.95149126544976459 0.95149126544976459
1125 -0.95149126544976459 0.95149126544976459
1124 -0.95149126544976459 0.95149126544976459
1127 -0.95149126544976459 0.95149126544976459
1003 -0.95149126544976459 0.95149126544976459
1129 -0.95149126544976459 0.95149126544976459
1128 -0.95149126544976459 0.95149126544976459
1067 -0.95149126544976459 0.95149126544976459
336 1.0509817970081998 -1.0509817970082003
1286 -0.95149126544976459 0.95149126544976459
466 1.0509817970081998 -1.0509817970082003
467 1.0509817970081998 -1.0509817970082003
464 1.0509817970081998 -1.0509817970082003
465 1.0509817970081998 -1.0509817970082003
460 1.0509817970081998 -1.0509817970082003
461 1.0509817970081998 -1.0509817970082003
969 -0.95149126544976459 0.95149126544976459
526 1.0509817970081998 -1.0509817970082003
1435 -0.95149126544976459 0.95149126544976459
300 1.0509817970081998 -1.0509817970082003
523 1.0509817970081998 -1.0509817970082003
1432 -0.95149126544976459 0.95149126544976459
468 1.0509817970081998 -1.0509817970082003
469 1.0509817970081998 -1.0509817970082003
1426 -0.95149126544976459 0.95149126544976459
590 1.0509817970081998 -1.0509817970082003
1030 -0.95149126544976459 0.95149126544976459
596 1.0509817970081998 -1.0509817970082003
597 1.0509817970081998 -1.0509817970082003
594 1.0509817970081998 -1.0509817970082003
595 1.0509817970081998 -1.0509817970082003
516 1.0509817970081998 -1.0509817970082003
599 1.0509817970081998 -1.0509817970082003
517 1.0509817970081998 -1.0509817970082003
500 1.0509817970081998 -1.0509817970082003
1035 -0.95149126544976459 0.95149126544976459
1164 -0.95149126544976459 0.95149126544976459
1008 -0.95149126544976459 0.95149126544976459
1457 -0.95149126544976459 0.95149126544976459
1166 -0.95149126544976459 0.95149126544976459
1161 -0.95149126544976459 0.95149126544976459
1160 -0.95149126544976459 0.95149126544976459
1235 -0.95149126544976459 0.95149126544976459
1237 -0.95149126544976459 0.95149126544976459
708 1.0509817970081998 -1.0509817970082003
1140 -0.95149126544976459 0.95149126544976459
1230 -0.95149126544976459 0.95149126544976459
1233 -0.95149126544976459 0.95149126544976459
856 -0.95149126544976459 0.95149126544976459
1162 -0.95149126544976459 0.95149126544976459
1239 -0.95149126544976459 0.95149126544976459
855 -0.95149126544976459 0.95149126544976459
1409 -0.95149126544976459 0.95149126544976459
1309 -0.95149126544976459 0.95149126544976459
1308 -0.95149126544976459 0.95149126544976459
853 -0.95149126544976459 0.95149126544976459
1303 -0.95149126544976459 0.95149126544976459
1302 -0.95149126544976459 0.95149126544976459
1305 -0.95149126544976459 0.95149126544976459
1304 -0.95149126544976459 0.95149126544976459
1307 -0.95149126544976459 0.95149126544976459
1306 -0.95149126544976459 0.95149126544976459
1241 -0.95149126544976459 0.95149126544976459
851 -0.95149126544976459 0.95149126544976459
850 -0.95149126544976459 0.95149126544976459
1453 -0.95149126544976459 0.95149126544976459
701 1.0509817970081998 -1.0509817970082003
1425 -0.95149126544976459 0.95149126544976459
1024 -0.95149126544976459 0.95149126544976459
1406 -0.95149126544976459 0.95149126544976459
700 1.0509817970081998 -1.0509817970082003
1407 -0.95149126544976459 0.95149126544976459
1013 -0.95149126544976459 0.95149126544976459
1405 -0.95149126544976459 0.95149126544976459
748 1.0509817970081998 -1.0509817970082003
746 1.0509817970081998 -1.0509817970082003
744 1.0509817970081998 -1.0509817970082003
743 1.0509817970081998 -1.0509817970082003
742 1.0509817970081998 -1.0509817970082003
740 1.0509817970081998 -1.0509817970082003
248 1.0509817970081998 -1.0509817970082003
249 1.0509817970081998 -1.0509817970082003
1400 -0.95149126544976459 0.95149126544976459
489 1.0509817970081998 -1.0509817970082003
242 1.0509817970081998 -1.0509817970082003
243 1.0509817970081998 -1.0509817970082003
240 1.0509817970081998 -1.0509817970082003
1401 -0.95149126544976459 0.95149126544976459
247 1.0509817970081998 -1.0509817970082003
244 1.0509817970081998 -1.0509817970082003
1019 -0.95149126544976459 0.95149126544976459
659 1.0509817970081998 -1.0509817970082003
658 1.0509817970081998 -1.0509817970082003
1018 -0.95149126544976459 0.95149126544976459
654 1.0509817970081998 -1.0509817970082003
1427 -0.95149126544976459 0.95149126544976459
656 1.0509817970081998 -1.0509817970082003
651 1.0509817970081998 -1.0509817970082003
650 1.0509817970081998 -1.0509817970082003
653 1.0509817970081998 -1.0509817970082003
652 1.0509817970081998 -1.0509817970082003
920 -0.95149126544976459 0.95149126544976459
1059 -0.95149126544976459 0.95149126544976459
169 1.0509817970081998 -1.0509817970082003
1057 -0.95149126544976459 0.95149126544976459
1056 -0.95149126544976459 0.95149126544976459
1051 -0.95149126544976459 0.95149126544976459
1050 -0.95149126544976459 0.95149126544976459
1053 -0.95149126544976459 0.95149126544976459
1052 -0.95149126544976459 0.95149126544976459
1156 -0.95149126544976459 0.95149126544976459
1428 -0.95149126544976459 0.95149126544976459
924 -0.95149126544976459 0.95149126544976459
376 1.0509817970081998 -1.0509817970082003
377 1.0509817970081998 -1.0509817970082003
372 1.0509817970081998 -1.0509817970082003
373 1.0509817970081998 -1.0509817970082003
370 1.0509817970081998 -1.0509817970082003
378 1.0509817970081998 -1.0509817970082003
379 1.0509817970081998 -1.0509817970082003
123 1.0509817970081998 -1.0509817970082003
122 1.0509817970081998 -1.0509817970082003
120 1.0509817970081998 -1.0509817970082003
127 1.0509817970081998 -1.0509817970082003
823 -0.95149126544976459 0.95149126544976459
820 -0.95149126544976459 0.95149126544976459
124 1.0509817970081998 -1.0509817970082003
967 -0.95149126544976459 0.95149126544976459
966 -0.95149126544976459 0.95149126544976459
129 1.0509817970081998 -1.0509817970082003
964 -0.95149126544976459 0.95149126544976459
963 -0.95149126544976459 0.95149126544976459
962 -0.95149126544976459 0.95149126544976459
828 -0.95149126544976459 0.95149126544976459
829 -0.95149126544976459 0.95149126544976459
1002 -0.95149126544976459 0.95149126544976459
945 -0.95149126544976459 0.95149126544976459
1000 -0.95149126544976459 0.95149126544976459
1006 -0.95149126544976459 0.95149126544976459
1007 -0.95149126544976459 0.95149126544976459
1004 -0.95149126544976459 0.95149126544976459
1005 -0.95149126544976459 0.95149126544976459
1165 -0.95149126544976459 0.95149126544976459
51 1.0509817970081998 -1.0509817970082003
52 1.0509817970081998 -1.0509817970082003
1009 -0.95149126544976459 0.95149126544976459
54 1.0509817970081998 -1.0509817970082003
55 1.0509817970081998 -1.0509817970082003
1163 -0.95149126544976459 0.95149126544976459
57 1.0509817970081998 -1.0509817970082003
25 1.0509817970081998 -1.0509817970082003
988 -0.95149126544976459 0.95149126544976459
690 1.0509817970081998 -1.0509817970082003
423 1.0509817970081998 -1.0509817970082003
420 1.0509817970081998 -1.0509817970082003
421 1.0509817970081998 -1.0509817970082003
426 1.0509817970081998 -1.0509817970082003
427 1.0509817970081998 -1.0509817970082003
425 1.0509817970081998 -1.0509817970082003
26 1.0509817970081998 -1.0509817970082003
1149 -0.95149126544976459 0.95149126544976459
21 1.0509817970081998 -1.0509817970082003
1403 -0.95149126544976459 0.95149126544976459
1412 -0.95149126544976459 0.95149126544976459
917 -0.95149126544976459 0.95149126544976459
914 -0.95149126544976459 0.95149126544976459
915 -0.95149126544976459 0.95149126544976459
912 -0.95149126544976459 0.95149126544976459
913 -0.95149126544976459 0.95149126544976459
910 -0.95149126544976459 0.95149126544976459
911 -0.95149126544976459 0.95149126544976459
22 1.0509817970081998 -1.0509817970082003
1062 -0.95149126544976459 0.95149126544976459
918 -0.95149126544976459 0.95149126544976459
919 -0.95149126544976459 0.95149126544976459
1063 -0.95149126544976459 0.95149126544976459
1148 -0.95149126544976459 0.95149126544976459
830 -0.95149126544976459 0.95149126544976459
1088 -0.95149126544976459 0.95149126544976459
884 -0.95149126544976459 0.95149126544976459
885 -0.95149126544976459 0.95149126544976459
554 1.0509817970081998 -1.0509817970082003
555 1.0509817970081998 -1.0509817970082003
552 1.0509817970081998 -1.0509817970082003
553 1.0509817970081998 -1.0509817970082003
550 1.0509817970081998 -1.0509817970082003
883 -0.95149126544976459 0.95149126544976459
987 -0.95149126544976459 0.95149126544976459
946 -0.95149126544976459 0.95149126544976459
888 -0.95149126544976459 0.95149126544976459
889 -0.95149126544976459 0.95149126544976459
558 1.0509817970081998 -1.0509817970082003
559 1.0509817970081998 -1.0509817970082003
1183 -0.95149126544976459 0.95149126544976459
1182 -0.95149126544976459 0.95149126544976459
1181 -0.95149126544976459 0.95149126544976459
1269 -0.95149126544976459 0.95149126544976459
1187 -0.95149126544976459 0.95149126544976459
989 -0.95149126544976459 0.95149126544976459
1185 -0.95149126544976459 0.95149126544976459
900 -0.95149126544976459 0.95149126544976459
1262 -0.95149126544976459 0.95149126544976459
1263 -0.95149126544976459 0.95149126544976459
1189 -0.95149126544976459 0.95149126544976459
1261 -0.95149126544976459 0.95149126544976459
1267 -0.95149126544976459 0.95149126544976459
1264 -0.95149126544976459 0.95149126544976459
1265 -0.95149126544976459 0.95149126544976459
1082 -0.95149126544976459 0.95149126544976459
822 -0.95149126544976459 0.95149126544976459
1419 -0.95149126544976459 0.95149126544976459
1083 -0.95149126544976459 0.95149126544976459
5 1.0509817970081998 -1.0509817970082003
1080 -0.95149126544976459 0.95149126544976459
560 1.0509817970081998 -1.0509817970082003
1086 -0.95149126544976459 0.95149126544976459
1371 -0.95149126544976459 0.95149126544976459
1087 -0.95149126544976459 0.95149126544976459
688 1.0509817970081998 -1.0509817970082003
689 1.0509817970081998 -1.0509817970082003
1084 -0.95149126544976459 0.95149126544976459
680 1.0509817970081998 -1.0509817970082003
681 1.0509817970081998 -1.0509817970082003
686 1.0509817970081998 -1.0509817970082003
687 1.0509817970081998 -1.0509817970082003
684 1.0509817970081998 -1.0509817970082003
685 1.0509817970081998 -1.0509817970082003
611 1.0509817970081998 -1.0509817970082003
613 1.0509817970081998 -1.0509817970082003
614 1.0509817970081998 -1.0509817970082003
617 1.0509817970081998 -1.0509817970082003
616 1.0509817970081998 -1.0509817970082003
619 1.0509817970081998 -1.0509817970082003
618 1.0509817970081998 -1.0509817970082003
1395 -0.95149126544976459 0.95149126544976459
949 -0.95149126544976459 0.95149126544976459
986 -0.95149126544976459 0.95149126544976459
836 -0.95149126544976459 0.95149126544976459
821 -0.95149126544976459 0.95149126544976459
736 1.0509817970081998 -1.0509817970082003
737 1.0509817970081998 -1.0509817970082003
734 1.0509817970081998 -1.0509817970082003
735 1.0509817970081998 -1.0509817970082003
730 1.0509817970081998 -1.0509817970082003
1367 -0.95149126544976459 0.95149126544976459
1114 -0.95149126544976459 0.95149126544976459
215 1.0509817970081998 -1.0509817970082003
166 1.0509817970081998 -1.0509817970082003
217 1.0509817970081998 -1.0509817970082003
216 1.0509817970081998 -1.0509817970082003
210 1.0509817970081998 -1.0509817970082003
161 1.0509817970081998 -1.0509817970082003
212 1.0509817970081998 -1.0509817970082003
332 1.0509817970081998 -1.0509817970082003
330 1.0509817970081998 -1.0509817970082003
331 1.0509817970081998 -1.0509817970082003
219 1.0509817970081998 -1.0509817970082003
337 1.0509817970081998 -1.0509817970082003
334 1.0509817970081998 -1.0509817970082003
665 1.0509817970081998 -1.0509817970082003
666 1.0509817970081998 -1.0509817970082003
753 1.0509817970081998 -1.0509817970082003
660 1.0509817970081998 -1.0509817970082003
661 1.0509817970081998 -1.0509817970082003
1488 -0.95149126544976459 0.95149126544976459
663 1.0509817970081998 -1.0509817970082003
862 -0.95149126544976459 0.95149126544976459
863 -0.95149126544976459 0.95149126544976459
860 -0.95149126544976459 0.95149126544976459
861 -0.95149126544976459 0.95149126544976459
668 1.0509817970081998 -1.0509817970082003
0 1.0509817970081998 -1.0509817970082003
881 -0.95149126544976459 0.95149126544976459
14 1.0509817970081998 -1.0509817970082003
15 1.0509817970081998 -1.0509817970082003
16 1.0509817970081998 -1.0509817970082003
17 1.0509817970081998 -1.0509817970082003
10 1.0509817970081998 -1.0509817970082003
11 1.0509817970081998 -1.0509817970082003
12 1.0509817970081998 -1.0509817970082003
13 1.0509817970081998 -1.0509817970082003
1046 -0.95149126544976459 0.95149126544976459
1047 -0.95149126544976459 0.95149126544976459
1044 -0.95149126544976459 0.95149126544976459
18 1.0509817970081998 -1.0509817970082003
19 1.0509817970081998 -1.0509817970082003
1040 -0.95149126544976459 0.95149126544976459
935 -0.95149126544976459 0.95149126544976459
1268 -0.95149126544976459 0.95149126544976459
364 1.0509817970081998 -1.0509817970082003
367 1.0509817970081998 -1.0509817970082003
366 1.0509817970081998 -1.0509817970082003
983 -0.95149126544976459 0.95149126544976459
360 1.0509817970081998 -1.0509817970082003
363 1.0509817970081998 -1.0509817970082003
362 1.0509817970081998 -1.0509817970082003
981 -0.95149126544976459 0.95149126544976459
1126 -0.95149126544976459 0.95149126544976459
369 1.0509817970081998 -1.0509817970082003
136 1.0509817970081998 -1.0509817970082003
980 -0.95149126544976459 0.95149126544976459
835 -0.95149126544976459 0.95149126544976459
795 -0.95149126544976459 0.95149126544976459
796 -0.95149126544976459 0.95149126544976459
137 1.0509817970081998 -1.0509817970082003
228 1.0509817970081998 -1.0509817970082003
229 1.0509817970081998 -1.0509817970082003
118 1.0509817970081998 -1.0509817970082003
832 -0.95149126544976459 0.95149126544976459
116 1.0509817970081998 -1.0509817970082003
117 1.0509817970081998 -1.0509817970082003
114 1.0509817970081998 -1.0509817970082003
115 1.0509817970081998 -1.0509817970082003
112 1.0509817970081998 -1.0509817970082003
113 1.0509817970081998 -1.0509817970082003
222 1.0509817970081998 -1.0509817970082003
223 1.0509817970081998 -1.0509817970082003
398 1.0509817970081998 -1.0509817970082003
399 1.0509817970081998 -1.0509817970082003
1130 -0.95149126544976459 0.95149126544976459
958 -0.95149126544976459 0.95149126544976459
1424 -0.95149126544976459 0.95149126544976459
976 -0.95149126544976459 0.95149126544976459
1134 -0.95149126544976459 0.95149126544976459
1135 -0.95149126544976459 0.95149126544976459
390 1.0509817970081998 -1.0509817970082003
1429 -0.95149126544976459 0.95149126544976459
392 1.0509817970081998 -1.0509817970082003
393 1.0509817970081998 -1.0509817970082003
395 1.0509817970081998 -1.0509817970082003
396 1.0509817970081998 -1.0509817970082003
1285 -0.95149126544976459 0.95149126544976459
474 1.0509817970081998 -1.0509817970082003
518 1.0509817970081998 -1.0509817970082003
476 1.0509817970081998 -1.0509817970082003
471 1.0509817970081998 -1.0509817970082003
470 1.0509817970081998 -1.0509817970082003
473 1.0509817970081998 -1.0509817970082003
512 1.0509817970081998 -1.0509817970082003
513 1.0509817970081998 -1.0509817970082003
510 1.0509817970081998 -1.0509817970082003
511 1.0509817970081998 -1.0509817970082003
479 1.0509817970081998 -1.0509817970082003
478 1.0509817970081998 -1.0509817970082003
514 1.0509817970081998 -1.0509817970082003
1186 -0.95149126544976459 0.95149126544976459
1378 -0.95149126544976459 0.95149126544976459
959 -0.95149126544976459 0.95149126544976459
583 1.0509817970081998 -1.0509817970082003
582 1.0509817970081998 -1.0509817970082003
1027 -0.95149126544976459 0.95149126544976459
584 1.0509817970081998 -1.0509817970082003
587 1.0509817970081998 -1.0509817970082003
586 1.0509817970081998 -1.0509817970082003
589 1.0509817970081998 -1.0509817970082003
588 1.0509817970081998 -1.0509817970082003
930 -0.95149126544976459 0.95149126544976459
1184 -0.95149126544976459 0.95149126544976459
139 1.0509817970081998 -1.0509817970082003
488 1.0509817970081998 -1.0509817970082003
149 1.0509817970081998 -1.0509817970082003
148 1.0509817970081998 -1.0509817970082003
480 1.0509817970081998 -1.0509817970082003
482 1.0509817970081998 -1.0509817970082003
483 1.0509817970081998 -1.0509817970082003
486 1.0509817970081998 -1.0509817970082003
487 1.0509817970081998 -1.0509817970082003
1179 -0.95149126544976459 0.95149126544976459
529 1.0509817970081998 -1.0509817970082003
1402 -0.95149126544976459 0.95149126544976459
931 -0.95149126544976459 0.95149126544976459
1074 -0.95149126544976459 0.95149126544976459
1438 -0.95149126544976459 0.95149126544976459
1295 -0.95149126544976459 0.95149126544976459
1345 -0.95149126544976459 0.95149126544976459
1344 -0.95149126544976459 0.95149126544976459
1347 -0.95149126544976459 0.95149126544976459
1343 -0.95149126544976459 0.95149126544976459
1342 -0.95149126544976459 0.95149126544976459
1349 -0.95149126544976459 0.95149126544976459
1348 -0.95149126544976459 0.95149126544976459
1292 -0.95149126544976459 0.95149126544976459
27 1.0509817970081998 -1.0509817970082003
762 -0.95149126544976459 0.95149126544976459
1014 -0.95149126544976459 0.95149126544976459
1290 -0.95149126544976459 0.95149126544976459
1431 -0.95149126544976459 0.95149126544976459
520 1.0509817970081998 -1.0509817970082003
805 -0.95149126544976459 0.95149126544976459
778 -0.95149126544976459 0.95149126544976459
891 -0.95149126544976459 0.95149126544976459
772 -0.95149126544976459 0.95149126544976459
773 -0.95149126544976459 0.95149126544976459
770 -0.95149126544976459 0.95149126544976459
771 -0.95149126544976459 0.95149126544976459
776 -0.95149126544976459 0.95149126544976459
777 -0.95149126544976459 0.95149126544976459
774 -0.95149126544976459 0.95149126544976459
775 -0.95149126544976459 0.95149126544976459
258 1.0509817970081998 -1.0509817970082003
252 1.0509817970081998 -1.0509817970082003
255 1.0509817970081998 -1.0509817970082003
254 1.0509817970081998 -1.0509817970082003
256 1.0509817970081998 -1.0509817970082003
1025 -0.95149126544976459 0.95149126544976459
1108 -0.95149126544976459 0.95149126544976459
1421 -0.95149126544976459 0.95149126544976459
952 -0.95149126544976459 0.95149126544976459
620 1.0509817970081998 -1.0509817970082003
621 1.0509817970081998 -1.0509817970082003
622 1.0509817970081998 -1.0509817970082003
623 1.0509817970081998 -1.0509817970082003
624 1.0509817970081998 -1.0509817970082003
625 1.0509817970081998 -1.0509817970082003
896 -0.95149126544976459 0.95149126544976459
1415 -0.95149126544976459 0.95149126544976459
1414 -0.95149126544976459 0.95149126544976459
1417 -0.95149126544976459 0.95149126544976459
725 1.0509817970081998 -1.0509817970082003
724 1.0509817970081998 -1.0509817970082003
726 1.0509817970081998 -1.0509817970082003
712 1.0509817970081998 -1.0509817970082003
1443 -0.95149126544976459 0.95149126544976459
1143 -0.95149126544976459 0.95149126544976459
729 1.0509817970081998 -1.0509817970082003
728 1.0509817970081998 -1.0509817970082003
939 -0.95149126544976459 0.95149126544976459
328 1.0509817970081998 -1.0509817970082003
150 1.0509817970081998 -1.0509817970082003
151 1.0509817970081998 -1.0509817970082003
156 1.0509817970081998 -1.0509817970082003
157 1.0509817970081998 -1.0509817970082003
154 1.0509817970081998 -1.0509817970082003
155 1.0509817970081998 -1.0509817970082003
268 1.0509817970081998 -1.0509817970082003
320 1.0509817970081998 -1.0509817970082003
158 1.0509817970081998 -1.0509817970082003
322 1.0509817970081998 -1.0509817970082003
325 1.0509817970081998 -1.0509817970082003
324 1.0509817970081998 -1.0509817970082003
327 1.0509817970081998 -1.0509817970082003
326 1.0509817970081998 -1.0509817970082003
673 1.0509817970081998 -1.0509817970082003
838 -0.95149126544976459 0.95149126544976459
670 1.0509817970081998 -1.0509817970082003
676 1.0509817970081998 -1.0509817970082003
675 1.0509817970081998 -1.0509817970082003
674 1.0509817970081998 -1.0509817970082003
871 -0.95149126544976459 0.95149126544976459
870 -0.95149126544976459 0.95149126544976459
679 1.0509817970081998 -1.0509817970082003
678 1.0509817970081998 -1.0509817970082003
875 -0.95149126544976459 0.95149126544976459
874 -0.95149126544976459 0.95149126544976459
877 -0.95149126544976459 0.95149126544976459
1076 -0.95149126544976459 0.95149126544976459
1075 -0.95149126544976459 0.95149126544976459
937 -0.95149126544976459 0.95149126544976459
808 -0.95149126544976459 0.95149126544976459
809 -0.95149126544976459 0.95149126544976459
1071 -0.95149126544976459 0.95149126544976459
1070 -0.95149126544976459 0.95149126544976459
804 -0.95149126544976459 0.95149126544976459
42 1.0509817970081998 -1.0509817970082003
41 1.0509817970081998 -1.0509817970082003
40 1.0509817970081998 -1.0509817970082003
800 -0.95149126544976459 0.95149126544976459
46 1.0509817970081998 -1.0509817970082003
45 1.0509817970081998 -1.0509817970082003
44 1.0509817970081998 -1.0509817970082003
439 1.0509817970081998 -1.0509817970082003
438 1.0509817970081998 -1.0509817970082003
932 -0.95149126544976459 0.95149126544976459
431 1.0509817970081998 -1.0509817970082003
430 1.0509817970081998 -1.0509817970082003
433 1.0509817970081998 -1.0509817970082003
933 -0.95149126544976459 0.95149126544976459
435 1.0509817970081998 -1.0509817970082003
437 1.0509817970081998 -1.0509817970082003
436 1.0509817970081998 -1.0509817970082003
448 1.0509817970081998 -1.0509817970082003
449 1.0509817970081998 -1.0509817970082003
508 1.0509817970081998 -1.0509817970082003
444 1.0509817970081998 -1.0509817970082003
445 1.0509817970081998 -1.0509817970082003
447 1.0509817970081998 -1.0509817970082003
440 1.0509817970081998 -1.0509817970082003
441 1.0509817970081998 -1.0509817970082003
442 1.0509817970081998 -1.0509817970082003
443 1.0509817970081998 -1.0509817970082003
33 1.0509817970081998 -1.0509817970082003
907 -0.95149126544976459 0.95149126544976459
906 -0.95149126544976459 0.95149126544976459
359 1.0509817970081998 -1.0509817970082003
903 -0.95149126544976459 0.95149126544976459
9 1.0509817970081998 -1.0509817970082003
1460 -0.95149126544976459 0.95149126544976459
355 1.0509817970081998 -1.0509817970082003
356 1.0509817970081998 -1.0509817970082003
357 1.0509817970081998 -1.0509817970082003
350 1.0509817970081998 -1.0509817970082003
351 1.0509817970081998 -1.0509817970082003
352 1.0509817970081998 -1.0509817970082003
1029 -0.95149126544976459 0.95149126544976459
1381 -0.95149126544976459 0.95149126544976459
1380 -0.95149126544976459 0.95149126544976459
1383 -0.95149126544976459 0.95149126544976459
1382 -0.95149126544976459 0.95149126544976459
1384 -0.95149126544976459 0.95149126544976459
1386 -0.95149126544976459 0.95149126544976459
1036 -0.95149126544976459 0.95149126544976459
1388 -0.95149126544976459 0.95149126544976459
957 -0.95149126544976459 0.95149126544976459
1226 -0.95149126544976459 0.95149126544976459
32 1.0509817970081998 -1.0509817970082003
1224 -0.95149126544976459 0.95149126544976459
1225 -0.95149126544976459 0.95149126544976459
1222 -0.95149126544976459 0.95149126544976459
1223 -0.95149126544976459 0.95149126544976459
1220 -0.95149126544976459 0.95149126544976459
266 1.0509817970081998 -1.0509817970082003
218 1.0509817970081998 -1.0509817970082003
503 1.0509817970081998 -1.0509817970082003
1228 -0.95149126544976459 0.95149126544976459
1081 -0.95149126544976459 0.95149126544976459
1253 -0.95149126544976459 0.95149126544976459
1252 -0.95149126544976459 0.95149126544976459
1251 -0.95149126544976459 0.95149126544976459
502 1.0509817970081998 -1.0509817970082003
1023 -0.95149126544976459 0.95149126544976459
1256 -0.95149126544976459 0.95149126544976459
1255 -0.95149126544976459 0.95149126544976459
1254 -0.95149126544976459 0.95149126544976459
1312 -0.95149126544976459 0.95149126544976459
965 -0.95149126544976459 0.95149126544976459
1259 -0.95149126544976459 0.95149126544976459
1258 -0.95149126544976459 0.95149126544976459
1316 -0.95149126544976459 0.95149126544976459
1317 -0.95149126544976459 0.95149126544976459
1314 -0.95149126544976459 0.95149126544976459
504 1.0509817970081998 -1.0509817970082003
1462 -0.95149126544976459 0.95149126544976459
507 1.0509817970081998 -1.0509817970082003
1478 -0.95149126544976459 0.95149126544976459
506 1.0509817970081998 -1.0509817970082003
1099 -0.95149126544976459 0.95149126544976459
1101 -0.95149126544976459 0.95149126544976459
1098 -0.95149126544976459 0.95149126544976459
1169 -0.95149126544976459 0.95149126544976459
699 1.0509817970081998 -1.0509817970082003
698 1.0509817970081998 -1.0509817970082003
1079 -0.95149126544976459 0.95149126544976459
578 1.0509817970081998 -1.0509817970082003
693 1.0509817970081998 -1.0509817970082003
692 1.0509817970081998 -1.0509817970082003
1416 -0.95149126544976459 0.95149126544976459
579 1.0509817970081998 -1.0509817970082003
1171 -0.95149126544976459 0.95149126544976459
1100 -0.95149126544976459 0.95149126544976459
1091 -0.95149126544976459 0.95149126544976459
1231 -0.95149126544976459 0.95149126544976459
4 1.0509817970081998 -1.0509817970082003
720 1.0509817970081998 -1.0509817970082003
1092 -0.95149126544976459 0.95149126544976459
1232 -0.95149126544976459 0.95149126544976459
1094 -0.95149126544976459 0.95149126544976459
572 1.0509817970081998 -1.0509817970082003
761 -0.95149126544976459 0.95149126544976459
760 -0.95149126544976459 0.95149126544976459
763 -0.95149126544976459 0.95149126544976459
573 1.0509817970081998 -1.0509817970082003
765 -0.95149126544976459 0.95149126544976459
764 -0.95149126544976459 0.95149126544976459
767 -0.95149126544976459 0.95149126544976459
766 -0.95149126544976459 0.95149126544976459
636 1.0509817970081998 -1.0509817970082003
634 1.0509817970081998 -1.0509817970082003
633 1.0509817970081998 -1.0509817970082003
719 1.0509817970081998 -1.0509817970082003
630 1.0509817970081998 -1.0509817970082003
714 1.0509817970081998 -1.0509817970082003
716 1.0509817970081998 -1.0509817970082003
717 1.0509817970081998 -1.0509817970082003
710 1.0509817970081998 -1.0509817970082003
711 1.0509817970081998 -1.0509817970082003
639 1.0509817970081998 -1.0509817970082003
713 1.0509817970081998 -1.0509817970082003
1363 -0.95149126544976459 0.95149126544976459
1413 -0.95149126544976459 0.95149126544976459
1020 -0.95149126544976459 0.95149126544976459
1454 -0.95149126544976459 0.95149126544976459
197 1.0509817970081998 -1.0509817970082003
192 1.0509817970081998 -1.0509817970082003
193 1.0509817970081998 -1.0509817970082003
190 1.0509817970081998 -1.0509817970082003
191 1.0509817970081998 -1.0509817970082003
310 1.0509817970081998 -1.0509817970082003
311 1.0509817970081998 -1.0509817970082003
312 1.0509817970081998 -1.0509817970082003
313 1.0509817970081998 -1.0509817970082003
314 1.0509817970081998 -1.0509817970082003
315 1.0509817970081998 -1.0509817970082003
316 1.0509817970081998 -1.0509817970082003
1468 -0.95149126544976459 0.95149126544976459
1469 -0.95149126544976459 0.95149126544976459
783 -0.95149126544976459 0.95149126544976459
841 -0.95149126544976459 0.95149126544976459
781 -0.95149126544976459 0.95149126544976459
238 1.0509817970081998 -1.0509817970082003
109 1.0509817970081998 -1.0509817970082003
108 1.0509817970081998 -1.0509817970082003
785 -0.95149126544976459 0.95149126544976459
1300 -0.95149126544976459 0.95149126544976459
941 -0.95149126544976459 0.95149126544976459
232 1.0509817970081998 -1.0509817970082003
789 -0.95149126544976459 0.95149126544976459
106 1.0509817970081998 -1.0509817970082003
101 1.0509817970081998 -1.0509817970082003
100 1.0509817970081998 -1.0509817970082003
102 1.0509817970081998 -1.0509817970082003
1392 -0.95149126544976459 0.95149126544976459
78 1.0509817970081998 -1.0509817970082003
79 1.0509817970081998 -1.0509817970082003
76 1.0509817970081998 -1.0509817970082003
77 1.0509817970081998 -1.0509817970082003
74 1.0509817970081998 -1.0509817970082003
75 1.0509817970081998 -1.0509817970082003
72 1.0509817970081998 -1.0509817970082003
71 1.0509817970081998 -1.0509817970082003
893 -0.95149126544976459 0.95149126544976459
892 -0.95149126544976459 0.95149126544976459
547 1.0509817970081998 -1.0509817970082003
546 1.0509817970081998 -1.0509817970082003
897 -0.95149126544976459 0.95149126544976459
540 1.0509817970081998 -1.0509817970082003
543 1.0509817970081998 -1.0509817970082003
542 1.0509817970081998 -1.0509817970082003
1103 -0.95149126544976459 0.95149126544976459
1102 -0.95149126544976459 0.95149126544976459
899 -0.95149126544976459 0.95149126544976459
898 -0.95149126544976459 0.95149126544976459
549 1.0509817970081998 -1.0509817970082003
548 1.0509817970081998 -1.0509817970082003
1105 -0.95149126544976459 0.95149126544976459
1104 -0.95149126544976459 0.95149126544976459
1194 -0.95149126544976459 0.95149126544976459
840 -0.95149126544976459 0.95149126544976459
1196 -0.95149126544976459 0.95149126544976459
1197 -0.95149126544976459 0.95149126544976459
1190 -0.95149126544976459 0.95149126544976459
1191 -0.95149126544976459 0.95149126544976459
1178 -0.95149126544976459 0.95149126544976459
948 -0.95149126544976459 0.95149126544976459
1217 -0.95149126544976459 0.95149126544976459
1216 -0.95149126544976459 0.95149126544976459
1214 -0.95149126544976459 0.95149126544976459
1198 -0.95149126544976459 0.95149126544976459
842 -0.95149126544976459 0.95149126544976459
1210 -0.95149126544976459 0.95149126544976459
780 -0.95149126544976459 0.95149126544976459
1168 -0.95149126544976459 0.95149126544976459
990 -0.95149126544976459 0.95149126544976459
787 -0.95149126544976459 0.95149126544976459
991 -0.95149126544976459 0.95149126544976459
786 -0.95149126544976459 0.95149126544976459
1434 -0.95149126544976459 0.95149126544976459
846 -0.95149126544976459 0.95149126544976459
1411 -0.95149126544976459 0.95149126544976459
261 1.0509817970081998 -1.0509817970082003
1356 -0.95149126544976459 0.95149126544976459
1354 -0.95149126544976459 0.95149126544976459
263 1.0509817970081998 -1.0509817970082003
1352 -0.95149126544976459 0.95149126544976459
1350 -0.95149126544976459 0.95149126544976459
849 -0.95149126544976459 0.95149126544976459
1107 -0.95149126544976459 0.95149126544976459
943 -0.95149126544976459 0.95149126544976459
1358 -0.95149126544976459 0.95149126544976459
1359 -0.95149126544976459 0.95149126544976459
1238 -0.95149126544976459 0.95149126544976459
1321 -0.95149126544976459 0.95149126544976459
942 -0.95149126544976459 0.95149126544976459
98 1.0509817970081998 -1.0509817970082003
99 1.0509817970081998 -1.0509817970082003
1325 -0.95149126544976459 0.95149126544976459
1324 -0.95149126544976459 0.95149126544976459
94 1.0509817970081998 -1.0509817970082003
237 1.0509817970081998 -1.0509817970082003
96 1.0509817970081998 -1.0509817970082003
97 1.0509817970081998 -1.0509817970082003
91 1.0509817970081998 -1.0509817970082003
92 1.0509817970081998 -1.0509817970082003
236 1.0509817970081998 -1.0509817970082003
1455 -0.95149126544976459 0.95149126544976459
234 1.0509817970081998 -1.0509817970082003
159 1.0509817970081998 -1.0509817970082003
1418 -0.95149126544976459 0.95149126544976459
971 -0.95149126544976459 0.95149126544976459
1274 -0.95149126544976459 0.95149126544976459
879 -0.95149126544976459 0.95149126544976459
1437 -0.95149126544976459 0.95149126544976459
878 -0.95149126544976459 0.95149126544976459
1037 -0.95149126544976459 0.95149126544976459
1139 -0.95149126544976459 0.95149126544976459
167 1.0509817970081998 -1.0509817970082003
1436 -0.95149126544976459 0.95149126544976459
973 -0.95149126544976459 0.95149126544976459
1167 -0.95149126544976459 0.95149126544976459
165 1.0509817970081998 -1.0509817970082003
164 1.0509817970081998 -1.0509817970082003
754 1.0509817970081998 -1.0509817970082003
755 1.0509817970081998 -1.0509817970082003
757 1.0509817970081998 -1.0509817970082003
759 -0.95149126544976459 0.95149126544976459
1410 -0.95149126544976459 0.95149126544976459
873 -0.95149126544976459 0.95149126544976459
162 1.0509817970081998 -1.0509817970082003
141 1.0509817970081998 -1.0509817970082003
140 1.0509817970081998 -1.0509817970082003
143 1.0509817970081998 -1.0509817970082003
142 1.0509817970081998 -1.0509817970082003
144 1.0509817970081998 -1.0509817970082003
279 1.0509817970081998 -1.0509817970082003
146 1.0509817970081998 -1.0509817970082003
277 1.0509817970081998 -1.0509817970082003
276 1.0509817970081998 -1.0509817970082003
275 1.0509817970081998 -1.0509817970082003
274 1.0509817970081998 -1.0509817970082003
273 1.0509817970081998 -1.0509817970082003
272 1.0509817970081998 -1.0509817970082003
271 1.0509817970081998 -1.0509817970082003
1066 -0.95149126544976459 0.95149126544976459
890 -0.95149126544976459 0.95149126544976459
648 1.0509817970081998 -1.0509817970082003
649 1.0509817970081998 -1.0509817970082003
646 1.0509817970081998 -1.0509817970082003
647 1.0509817970081998 -1.0509817970082003
644 1.0509817970081998 -1.0509817970082003
645 1.0509817970081998 -1.0509817970082003
642 1.0509817970081998 -1.0509817970082003
643 1.0509817970081998 -1.0509817970082003
640 1.0509817970081998 -1.0509817970082003
641 1.0509817970081998 -1.0509817970082003
1147 -0.95149126544976459 0.95149126544976459
267 1.0509817970081998 -1.0509817970082003
1145 -0.95149126544976459 0.95149126544976459
1144 -0.95149126544976459 0.95149126544976459
938 -0.95149126544976459 0.95149126544976459
895 -0.95149126544976459 0.95149126544976459
288 1.0509817970081998 -1.0509817970082003
289 1.0509817970081998 -1.0509817970082003
286 1.0509817970081998 -1.0509817970082003
287 1.0509817970081998 -1.0509817970082003
936 -0.95149126544976459 0.95149126544976459
894 -0.95149126544976459 0.95149126544976459
282 1.0509817970081998 -1.0509817970082003
283 1.0509817970081998 -1.0509817970082003
280 1.0509817970081998 -1.0509817970082003
281 1.0509817970081998 -1.0509817970082003
400 1.0509817970081998 -1.0509817970082003
401 1.0509817970081998 -1.0509817970082003
402 1.0509817970081998 -1.0509817970082003
39 1.0509817970081998 -1.0509817970082003
404 1.0509817970081998 -1.0509817970082003
405 1.0509817970081998 -1.0509817970082003
1368 -0.95149126544976459 0.95149126544976459
408 1.0509817970081998 -1.0509817970082003
409 1.0509817970081998 -1.0509817970082003
30 1.0509817970081998 -1.0509817970082003
31 1.0509817970081998 -1.0509817970082003
505 1.0509817970081998 -1.0509817970082003
37 1.0509817970081998 -1.0509817970082003
34 1.0509817970081998 -1.0509817970082003
35 1.0509817970081998 -1.0509817970082003
497 1.0509817970081998 -1.0509817970082003
496 1.0509817970081998 -1.0509817970082003
1151 -0.95149126544976459 0.95149126544976459
494 1.0509817970081998 -1.0509817970082003
493 1.0509817970081998 -1.0509817970082003
492 1.0509817970081998 -1.0509817970082003
491 1.0509817970081998 -1.0509817970082003
574 1.0509817970081998 -1.0509817970082003
1090 -0.95149126544976459 0.95149126544976459
576 1.0509817970081998 -1.0509817970082003
577 1.0509817970081998 -1.0509817970082003
1095 -0.95149126544976459 0.95149126544976459
571 1.0509817970081998 -1.0509817970082003
499 1.0509817970081998 -1.0509817970082003
498 1.0509817970081998 -1.0509817970082003
387 1.0509817970081998 -1.0509817970082003
386 1.0509817970081998 -1.0509817970082003
384 1.0509817970081998 -1.0509817970082003
383 1.0509817970081998 -1.0509817970082003
382 1.0509817970081998 -1.0509817970082003
380 1.0509817970081998 -1.0509817970082003
1456 -0.95149126544976459 0.95149126544976459
806 -0.95149126544976459 0.95149126544976459
389 1.0509817970081998 -1.0509817970082003
388 1.0509817970081998 -1.0509817970082003
1152 -0.95149126544976459 0.95149126544976459
1393 -0.95149126544976459 0.95149126544976459
1390 -0.95149126544976459 0.95149126544976459
807 -0.95149126544976459 0.95149126544976459
1394 -0.95149126544976459 0.95149126544976459
1195 -0.95149126544976459 0.95149126544976459
1422 -0.95149126544976459 0.95149126544976459
1398 -0.95149126544976459 0.95149126544976459
801 -0.95149126544976459 0.95149126544976459
1486 -0.95149126544976459 0.95149126544976459
1176 -0.95149126544976459 0.95149126544976459
802 -0.95149126544976459 0.95149126544976459
1487 -0.95149126544976459 0.95149126544976459
1440 -0.95149126544976459 0.95149126544976459
803 -0.95149126544976459 0.95149126544976459
1484 -0.95149126544976459 0.95149126544976459
1153 -0.95149126544976459 0.95149126544976459
1244 -0.95149126544976459 0.95149126544976459
1245 -0.95149126544976459 0.95149126544976459
1485 -0.95149126544976459 0.95149126544976459
1219 -0.95149126544976459 0.95149126544976459
1243 -0.95149126544976459 0.95149126544976459
1212 -0.95149126544976459 0.95149126544976459
1366 -0.95149126544976459 0.95149126544976459
1365 -0.95149126544976459 0.95149126544976459
1193 -0.95149126544976459 0.95149126544976459
1248 -0.95149126544976459 0.95149126544976459
1249 -0.95149126544976459 0.95149126544976459
1361 -0.95149126544976459 0.95149126544976459
1408 -0.95149126544976459 0.95149126544976459
1373 -0.95149126544976459 0.95149126544976459
1289 -0.95149126544976459 0.95149126544976459
864 -0.95149126544976459 0.95149126544976459
8 1.0509817970081998 -1.0509817970082003
1430 -0.95149126544976459 0.95149126544976459
1466 -0.95149126544976459 0.95149126544976459
1481 -0.95149126544976459 0.95149126544976459
1154 -0.95149126544976459 0.95149126544976459
1458 -0.95149126544976459 0.95149126544976459
