__device__ __constant__ const float db2LLL[] = {
-0.0021671985741704702,
0.0037536979652941227,
0.014008991420269012,
0.008088095113635063,
0.0037536979652941227,
-0.006501595489680767,
-0.02426428534090519,
-0.014008991420269012,
0.014008991420269012,
-0.02426428534090519,
-0.09055554866790771,
-0.052282270044088364,
0.008088095113635063,
-0.014008991420269012,
-0.052282270044088364,
-0.03018518164753914,
0.0037536979652941227,
-0.006501595489680767,
-0.02426428534090519,
-0.014008991420269012,
-0.006501595489680767,
0.011261094361543655,
0.04202697426080704,
0.02426428534090519,
-0.02426428534090519,
0.04202697426080704,
0.1568468064069748,
0.09055554866790771,
-0.014008991420269012,
0.02426428534090519,
0.09055554866790771,
0.052282270044088364,
0.014008991420269012,
-0.02426428534090519,
-0.09055554866790771,
-0.052282270044088364,
-0.02426428534090519,
0.04202697426080704,
0.1568468064069748,
0.09055554866790771,
-0.09055554866790771,
0.1568468064069748,
0.5853602290153503,
0.33795788884162903,
-0.052282270044088364,
0.09055554866790771,
0.33795788884162903,
0.19512008130550385,
0.008088095113635063,
-0.014008991420269012,
-0.052282270044088364,
-0.03018518164753914,
-0.014008991420269012,
0.02426428534090519,
0.09055554866790771,
0.052282270044088364,
-0.052282270044088364,
0.09055554866790771,
0.33795788884162903,
0.19512008130550385,
-0.03018518164753914,
0.052282270044088364,
0.19512008130550385,
0.11265262961387634
};
__device__ __constant__ const float db2LLH[] = {
-0.008088095113635063,
0.014008991420269012,
-0.0037536979652941227,
-0.0021671985741704702,
0.014008991420269012,
-0.02426428534090519,
0.006501595489680767,
0.0037536979652941227,
0.052282270044088364,
-0.09055554866790771,
0.02426428534090519,
0.014008991420269012,
0.03018518164753914,
-0.052282270044088364,
0.014008991420269012,
0.008088095113635063,
0.014008991420269012,
-0.02426428534090519,
0.006501595489680767,
0.0037536979652941227,
-0.02426428534090519,
0.04202697426080704,
-0.011261094361543655,
-0.006501595489680767,
-0.09055554866790771,
0.1568468064069748,
-0.04202697426080704,
-0.02426428534090519,
-0.052282270044088364,
0.09055554866790771,
-0.02426428534090519,
-0.014008991420269012,
0.052282270044088364,
-0.09055554866790771,
0.02426428534090519,
0.014008991420269012,
-0.09055554866790771,
0.1568468064069748,
-0.04202697426080704,
-0.02426428534090519,
-0.33795788884162903,
0.5853602290153503,
-0.1568468064069748,
-0.09055554866790771,
-0.19512008130550385,
0.33795788884162903,
-0.09055554866790771,
-0.052282270044088364,
0.03018518164753914,
-0.052282270044088364,
0.014008991420269012,
0.008088095113635063,
-0.052282270044088364,
0.09055554866790771,
-0.02426428534090519,
-0.014008991420269012,
-0.19512008130550385,
0.33795788884162903,
-0.09055554866790771,
-0.052282270044088364,
-0.11265262961387634,
0.19512008130550385,
-0.052282270044088364,
-0.03018518164753914
};
__device__ __constant__ const float db2LHL[] = {
-0.008088095113635063,
0.014008991420269012,
0.052282270044088364,
0.03018518164753914,
0.014008991420269012,
-0.02426428534090519,
-0.09055554866790771,
-0.052282270044088364,
-0.0037536979652941227,
0.006501595489680767,
0.02426428534090519,
0.014008991420269012,
-0.0021671985741704702,
0.0037536979652941227,
0.014008991420269012,
0.008088095113635063,
0.014008991420269012,
-0.02426428534090519,
-0.09055554866790771,
-0.052282270044088364,
-0.02426428534090519,
0.04202697426080704,
0.1568468064069748,
0.09055554866790771,
0.006501595489680767,
-0.011261094361543655,
-0.04202697426080704,
-0.02426428534090519,
0.0037536979652941227,
-0.006501595489680767,
-0.02426428534090519,
-0.014008991420269012,
0.052282270044088364,
-0.09055554866790771,
-0.33795788884162903,
-0.19512008130550385,
-0.09055554866790771,
0.1568468064069748,
0.5853602290153503,
0.33795788884162903,
0.02426428534090519,
-0.04202697426080704,
-0.1568468064069748,
-0.09055554866790771,
0.014008991420269012,
-0.02426428534090519,
-0.09055554866790771,
-0.052282270044088364,
0.03018518164753914,
-0.052282270044088364,
-0.19512008130550385,
-0.11265262961387634,
-0.052282270044088364,
0.09055554866790771,
0.33795788884162903,
0.19512008130550385,
0.014008991420269012,
-0.02426428534090519,
-0.09055554866790771,
-0.052282270044088364,
0.008088095113635063,
-0.014008991420269012,
-0.052282270044088364,
-0.03018518164753914
};
__device__ __constant__ const float db2LHH[] = {
-0.03018518164753914,
0.052282270044088364,
-0.014008991420269012,
-0.008088095113635063,
0.052282270044088364,
-0.09055554866790771,
0.02426428534090519,
0.014008991420269012,
-0.014008991420269012,
0.02426428534090519,
-0.006501595489680767,
-0.0037536979652941227,
-0.008088095113635063,
0.014008991420269012,
-0.0037536979652941227,
-0.0021671985741704702,
0.052282270044088364,
-0.09055554866790771,
0.02426428534090519,
0.014008991420269012,
-0.09055554866790771,
0.1568468064069748,
-0.04202697426080704,
-0.02426428534090519,
0.02426428534090519,
-0.04202697426080704,
0.011261094361543655,
0.006501595489680767,
0.014008991420269012,
-0.02426428534090519,
0.006501595489680767,
0.0037536979652941227,
0.19512008130550385,
-0.33795788884162903,
0.09055554866790771,
0.052282270044088364,
-0.33795788884162903,
0.5853602290153503,
-0.1568468064069748,
-0.09055554866790771,
0.09055554866790771,
-0.1568468064069748,
0.04202697426080704,
0.02426428534090519,
0.052282270044088364,
-0.09055554866790771,
0.02426428534090519,
0.014008991420269012,
0.11265262961387634,
-0.19512008130550385,
0.052282270044088364,
0.03018518164753914,
-0.19512008130550385,
0.33795788884162903,
-0.09055554866790771,
-0.052282270044088364,
0.052282270044088364,
-0.09055554866790771,
0.02426428534090519,
0.014008991420269012,
0.03018518164753914,
-0.052282270044088364,
0.014008991420269012,
0.008088095113635063
};
__device__ __constant__ const float db2HLL[] = {
-0.008088095113635063,
0.014008991420269012,
0.052282270044088364,
0.03018518164753914,
0.014008991420269012,
-0.02426428534090519,
-0.09055554866790771,
-0.052282270044088364,
0.052282270044088364,
-0.09055554866790771,
-0.33795788884162903,
-0.19512008130550385,
0.03018518164753914,
-0.052282270044088364,
-0.19512008130550385,
-0.11265262961387634,
0.014008991420269012,
-0.02426428534090519,
-0.09055554866790771,
-0.052282270044088364,
-0.02426428534090519,
0.04202697426080704,
0.1568468064069748,
0.09055554866790771,
-0.09055554866790771,
0.1568468064069748,
0.5853602290153503,
0.33795788884162903,
-0.052282270044088364,
0.09055554866790771,
0.33795788884162903,
0.19512008130550385,
-0.0037536979652941227,
0.006501595489680767,
0.02426428534090519,
0.014008991420269012,
0.006501595489680767,
-0.011261094361543655,
-0.04202697426080704,
-0.02426428534090519,
0.02426428534090519,
-0.04202697426080704,
-0.1568468064069748,
-0.09055554866790771,
0.014008991420269012,
-0.02426428534090519,
-0.09055554866790771,
-0.052282270044088364,
-0.0021671985741704702,
0.0037536979652941227,
0.014008991420269012,
0.008088095113635063,
0.0037536979652941227,
-0.006501595489680767,
-0.02426428534090519,
-0.014008991420269012,
0.014008991420269012,
-0.02426428534090519,
-0.09055554866790771,
-0.052282270044088364,
0.008088095113635063,
-0.014008991420269012,
-0.052282270044088364,
-0.03018518164753914
};
__device__ __constant__ const float db2HLH[] = {
-0.03018518164753914,
0.052282270044088364,
-0.014008991420269012,
-0.008088095113635063,
0.052282270044088364,
-0.09055554866790771,
0.02426428534090519,
0.014008991420269012,
0.19512008130550385,
-0.33795788884162903,
0.09055554866790771,
0.052282270044088364,
0.11265262961387634,
-0.19512008130550385,
0.052282270044088364,
0.03018518164753914,
0.052282270044088364,
-0.09055554866790771,
0.02426428534090519,
0.014008991420269012,
-0.09055554866790771,
0.1568468064069748,
-0.04202697426080704,
-0.02426428534090519,
-0.33795788884162903,
0.5853602290153503,
-0.1568468064069748,
-0.09055554866790771,
-0.19512008130550385,
0.33795788884162903,
-0.09055554866790771,
-0.052282270044088364,
-0.014008991420269012,
0.02426428534090519,
-0.006501595489680767,
-0.0037536979652941227,
0.02426428534090519,
-0.04202697426080704,
0.011261094361543655,
0.006501595489680767,
0.09055554866790771,
-0.1568468064069748,
0.04202697426080704,
0.02426428534090519,
0.052282270044088364,
-0.09055554866790771,
0.02426428534090519,
0.014008991420269012,
-0.008088095113635063,
0.014008991420269012,
-0.0037536979652941227,
-0.0021671985741704702,
0.014008991420269012,
-0.02426428534090519,
0.006501595489680767,
0.0037536979652941227,
0.052282270044088364,
-0.09055554866790771,
0.02426428534090519,
0.014008991420269012,
0.03018518164753914,
-0.052282270044088364,
0.014008991420269012,
0.008088095113635063
};
__device__ __constant__ const float db2HHL[] = {
-0.03018518164753914,
0.052282270044088364,
0.19512008130550385,
0.11265262961387634,
0.052282270044088364,
-0.09055554866790771,
-0.33795788884162903,
-0.19512008130550385,
-0.014008991420269012,
0.02426428534090519,
0.09055554866790771,
0.052282270044088364,
-0.008088095113635063,
0.014008991420269012,
0.052282270044088364,
0.03018518164753914,
0.052282270044088364,
-0.09055554866790771,
-0.33795788884162903,
-0.19512008130550385,
-0.09055554866790771,
0.1568468064069748,
0.5853602290153503,
0.33795788884162903,
0.02426428534090519,
-0.04202697426080704,
-0.1568468064069748,
-0.09055554866790771,
0.014008991420269012,
-0.02426428534090519,
-0.09055554866790771,
-0.052282270044088364,
-0.014008991420269012,
0.02426428534090519,
0.09055554866790771,
0.052282270044088364,
0.02426428534090519,
-0.04202697426080704,
-0.1568468064069748,
-0.09055554866790771,
-0.006501595489680767,
0.011261094361543655,
0.04202697426080704,
0.02426428534090519,
-0.0037536979652941227,
0.006501595489680767,
0.02426428534090519,
0.014008991420269012,
-0.008088095113635063,
0.014008991420269012,
0.052282270044088364,
0.03018518164753914,
0.014008991420269012,
-0.02426428534090519,
-0.09055554866790771,
-0.052282270044088364,
-0.0037536979652941227,
0.006501595489680767,
0.02426428534090519,
0.014008991420269012,
-0.0021671985741704702,
0.0037536979652941227,
0.014008991420269012,
0.008088095113635063
};
__device__ __constant__ const float db2HHH[] = {
-0.11265262961387634,
0.19512008130550385,
-0.052282270044088364,
-0.03018518164753914,
0.19512008130550385,
-0.33795788884162903,
0.09055554866790771,
0.052282270044088364,
-0.052282270044088364,
0.09055554866790771,
-0.02426428534090519,
-0.014008991420269012,
-0.03018518164753914,
0.052282270044088364,
-0.014008991420269012,
-0.008088095113635063,
0.19512008130550385,
-0.33795788884162903,
0.09055554866790771,
0.052282270044088364,
-0.33795788884162903,
0.5853602290153503,
-0.1568468064069748,
-0.09055554866790771,
0.09055554866790771,
-0.1568468064069748,
0.04202697426080704,
0.02426428534090519,
0.052282270044088364,
-0.09055554866790771,
0.02426428534090519,
0.014008991420269012,
-0.052282270044088364,
0.09055554866790771,
-0.02426428534090519,
-0.014008991420269012,
0.09055554866790771,
-0.1568468064069748,
0.04202697426080704,
0.02426428534090519,
-0.02426428534090519,
0.04202697426080704,
-0.011261094361543655,
-0.006501595489680767,
-0.014008991420269012,
0.02426428534090519,
-0.006501595489680767,
-0.0037536979652941227,
-0.03018518164753914,
0.052282270044088364,
-0.014008991420269012,
-0.008088095113635063,
0.052282270044088364,
-0.09055554866790771,
0.02426428534090519,
0.014008991420269012,
-0.014008991420269012,
0.02426428534090519,
-0.006501595489680767,
-0.0037536979652941227,
-0.008088095113635063,
0.014008991420269012,
-0.0037536979652941227,
-0.0021671985741704702
};
