4.609569466211856092e-02
4.397529270766110249e-02
4.194708214252788891e-02
4.001106296671890633e-02
3.825942656955840654e-02
3.650779017239789981e-02
3.484834516456163100e-02
3.328109154604960013e-02
3.171383792753756925e-02
3.023877569834977283e-02
2.894809624781045573e-02
2.756522540794689724e-02
2.636673734673181460e-02
2.516824928551673196e-02
2.396976122430164932e-02
2.286346455241080461e-02
2.184935926984419782e-02
2.083525398727758757e-02
1.991334009403521871e-02
1.899142620079284638e-02
1.816170369687471198e-02
1.733198119295657758e-02
1.650225868903844317e-02
1.576472757444454670e-02
1.502719645985065022e-02
1.438185673458098994e-02
1.373651700931132966e-02
1.309117728404167111e-02
1.244583755877201083e-02
1.189268922282658847e-02
1.133954088688116611e-02
1.087858394025997995e-02
1.032543560431455759e-02
9.864478657693371427e-03
9.403521711072185263e-03
9.034756153775237025e-03
8.573799207154052596e-03
8.205033649857102623e-03
7.836268092560154386e-03
7.467502535263206148e-03
7.098736977966257911e-03
6.822162809993546732e-03
6.453397252696598495e-03
6.176823084723886449e-03
5.900248916751175271e-03
5.623674748778464093e-03
5.347100580805752915e-03
5.162717802157278796e-03
4.886143634184566750e-03
4.701760855536092631e-03
4.425186687563381453e-03
4.240803908914907334e-03
4.056421130266433216e-03
3.872038351617959097e-03
3.687655572969484544e-03
3.503272794321010426e-03
3.318890015672536307e-03
3.226698626348299247e-03
3.042315847699824695e-03
2.950124458375587636e-03
2.765741679727113517e-03
2.673550290402876457e-03
2.489167511754402339e-03
2.396976122430164845e-03
2.304784733105927786e-03
2.212593343781690727e-03
2.120401954457453667e-03
2.028210565133216608e-03
1.936019175808979548e-03
1.843827786484742272e-03
1.751636397160505213e-03
1.659445007836268153e-03
1.567253618512030877e-03
1.475062229187793818e-03
1.382870839863556758e-03
1.382870839863556758e-03
1.290679450539319699e-03
1.198488061215082423e-03
1.198488061215082423e-03
1.106296671890845363e-03
1.106296671890845363e-03
1.014105282566608304e-03
1.014105282566608304e-03
9.219138932423711361e-04
9.219138932423711361e-04
8.297225039181340767e-04
8.297225039181340767e-04
7.375311145938969089e-04
7.375311145938969089e-04
6.453397252696598495e-04
6.453397252696598495e-04
6.453397252696598495e-04
5.531483359454226817e-04
5.531483359454226817e-04
5.531483359454226817e-04
5.531483359454226817e-04
4.609569466211855680e-04
4.609569466211855680e-04
4.609569466211855680e-04
4.609569466211855680e-04
